Clock	 #core	loc.	#accounts	throughput	thoughput (x10^6)	Speedup
global	1	0	1024	3635781.233	3.635781233	1
global	2	0	1024	2387795.3	2.3877953	0.656748893
global	4	0	1024	2923384.367	2.923384367	0.8040594797
global	6	0	1024	2624173.3	2.6241733	0.7217632557
global	8	0	1024	2619046.6	2.6190466	0.7203531874
global	10	0	1024	2567741.133	2.567741133	0.706241924
global	12	0	1024	2617080.267	2.617080267	0.7198123591
global	14	0	1024	2664683.5	2.6646835	0.7329053452
global	16	0	1024	2632782.333	2.632782333	0.7241311191
global	18	0	1024	2604842.872	2.604842872	0.7164465364
global	20	0	1024	2571522.933	2.571522933	0.7072820856
global	22	0	1024	2528557.567	2.528557567	0.695464717
global	24	0	1024	2500373.633	2.500373633	0.6877128938
global	26	0	1024	2504359.867	2.504359867	0.6888092836
global	28	0	1024	2467584.567	2.467584567	0.6786944561
global	30	0	1024	2465426.733	2.465426733	0.6781009569
global	32	0	1024	2437995.567	2.437995567	0.6705561777
global	34	0	1024	2458797.233	2.458797233	0.6762775523
global	36	0	1024	2262451.4	2.2624514	0.6222737989
global	38	0	1024	2208076.467	2.208076467	0.6073182969
global	40	0	1024	2274226.8	2.2742268	0.6255125526
global	42	0	1024	2129338.033	2.129338033	0.5856617592
global	44	0	1024	2277881.267	2.277881267	0.6265176919
global	46	0	1024	2214663.267	2.214663267	0.6091299571
global	48	0	1024	1690716.033	1.690716033	0.4650213874
thread	1	0	1024	3534840.833	3.534840833	1
thread	2	0	1024	2892411.033	2.892411033	0.8182577858
thread	4	0	1024	4461631.567	4.461631567	1.262187402
thread	6	0	1024	6064975.934	6.064975934	1.715770588
thread	8	0	1024	7618167.267	7.618167267	2.155165572
thread	10	0	1024	8895200.967	8.895200967	2.516436068
thread	12	0	1024	10240485.73	10.24048573	2.897014665
thread	14	0	1024	11505398.67	11.50539867	3.254856218
thread	16	0	1024	11947412.63	11.94741263	3.37990116
thread	18	0	1024	13140944.4	13.1409444	3.717549112
thread	20	0	1024	14469395.13	14.46939513	4.093365392
thread	22	0	1024	14390364.7	14.3903647	4.071007827
thread	24	0	1024	14502691.81	14.50269181	4.102784961
thread	26	0	1024	15527379.77	15.52737977	4.392667308
thread	28	0	1024	16080333.33	16.08033333	4.549096859
thread	30	0	1024	16282944.87	16.28294487	4.606415291
thread	32	0	1024	15927187.33	15.92718733	4.505772136
thread	34	0	1024	16401783	16.401783	4.640034382
thread	36	0	1024	16548275.9	16.5482759	4.681476955
thread	38	0	1024	16952868.9	16.9528689	4.795935575
thread	40	0	1024	17734257.07	17.73425707	5.016988855
thread	42	0	1024	17127608.7	17.1276087	4.845369143
thread	44	0	1024	15767704.67	15.76770467	4.460654782
thread	46	0	1024	15896410.1	15.8964101	4.497065313
thread	48	0	1024	14183780.23	14.18378023	4.01256546
global	1	0	1048576	2370079.367	2.370079367	1
global	2	0	1048576	2312788.6	2.3127886	0.9758274902
global	4	0	1048576	2645891.9	2.6458919	1.116372699
global	6	0	1048576	2661666.3	2.6616663	1.123028341
global	8	0	1048576	2631518.967	2.631518967	1.110308373
global	10	0	1048576	2667614.6	2.6676146	1.125538089
global	12	0	1048576	2703723.976	2.703723976	1.140773602
global	14	0	1048576	2719010.567	2.719010567	1.147223424
global	16	0	1048576	2664711.576	2.664711576	1.124313225
global	18	0	1048576	2668199.467	2.668199467	1.125784859
global	20	0	1048576	2630466.667	2.630466667	1.10986438
global	22	0	1048576	2640476.033	2.640476033	1.1140876
global	24	0	1048576	2637705.4	2.6377054	1.112918596
global	26	0	1048576	2656654.3	2.6566543	1.120913644
global	28	0	1048576	2642612.2	2.6426122	1.114988906
global	30	0	1048576	2639437.4	2.6394374	1.113649373
global	32	0	1048576	2632110.133	2.632110133	1.110557803
global	34	0	1048576	2620459.367	2.620459367	1.105642032
global	36	0	1048576	2622741.6	2.6227416	1.106604967
global	38	0	1048576	2633285.9	2.6332859	1.11105389
global	40	0	1048576	2640194.6	2.6401946	1.113968856
global	42	0	1048576	2642927.033	2.642927033	1.115121743
global	44	0	1048576	2600989.567	2.600989567	1.097427201
global	46	0	1048576	2608215.5	2.6082155	1.100476016
global	48	0	1048576	2654955.767	2.654955767	1.120196987
thread	1	0	1048576	2288628.4	2.2886284	1
thread	2	0	1048576	2951019.933	2.951019933	1.289427298
thread	4	0	1048576	4722441	4.722441	2.06343721
thread	6	0	1048576	6658289.357	6.658289357	2.909292464
thread	8	0	1048576	8712699.3	8.7126993	3.806952365
thread	10	0	1048576	10600304.93	10.60030493	4.631728302
thread	12	0	1048576	12332459.87	12.33245987	5.388581155
thread	14	0	1048576	14444683.3	14.4446833	6.311502252
thread	16	0	1048576	16768460.37	16.76846037	7.326860213
thread	18	0	1048576	18637002.33	18.63700233	8.143306416
thread	20	0	1048576	19609810.83	19.60981083	8.568368213
thread	22	0	1048576	21646834.8	21.6468348	9.458431434
thread	24	0	1048576	23511357.33	23.51135733	10.27312137
thread	26	0	1048576	24493128.9	24.4931289	10.70209952
thread	28	0	1048576	26446068.63	26.44606863	11.55542273
thread	30	0	1048576	27371493.4	27.3714934	11.95978054
thread	32	0	1048576	26851514.03	26.85151403	11.73257923
thread	34	0	1048576	27538826.7	27.5388267	12.03289564
thread	36	0	1048576	31243385.23	31.24338523	13.6515763
thread	38	0	1048576	30578011.1	30.5780111	13.36084578
thread	40	0	1048576	28454686.1	28.4546861	12.43307393
thread	42	0	1048576	33179689.57	33.17968957	14.49763079
thread	44	0	1048576	32566823.33	32.56682333	14.22984323
thread	46	0	1048576	28021164.79	28.02116479	12.24364986
thread	48	0	1048576	36734264.83	36.73426483	16.05077733
global	1	0.2	1024	3298825.433	3.298825433	1
global	2	0.2	1024	2263761.733	2.263761733	0.6862326543
global	4	0.2	1024	2753131.867	2.753131867	0.8345794351
global	6	0.2	1024	2628790.767	2.628790767	0.796886898
global	8	0.2	1024	2595160.167	2.595160167	0.7866921785
global	10	0.2	1024	2654344	2.654344	0.8046330591
global	12	0.2	1024	2620030.333	2.620030333	0.794231276
global	14	0.2	1024	2629493.767	2.629493767	0.7971000042
global	16	0.2	1024	2667297.033	2.667297033	0.8085596183
global	18	0.2	1024	2658774.267	2.658774267	0.8059760422
global	20	0.2	1024	2586256.5	2.5862565	0.783993137
global	22	0.2	1024	2601348.967	2.601348967	0.7885682402
global	24	0.2	1024	2566325.167	2.566325167	0.7779511885
global	26	0.2	1024	2536492	2.536492	0.7689076161
global	28	0.2	1024	2538045.2	2.5380452	0.7693784504
global	30	0.2	1024	2508919.867	2.508919867	0.7605494493
global	32	0.2	1024	2494944.667	2.494944667	0.7563130323
global	34	0.2	1024	2388849.167	2.388849167	0.7241514336
global	36	0.2	1024	2386046.667	2.386046667	0.7233018888
global	38	0.2	1024	2277429.6	2.2774296	0.6903759068
global	40	0.2	1024	2336126.1	2.3361261	0.7081690581
global	42	0.2	1024	2222558.333	2.222558333	0.6737423299
global	44	0.2	1024	2250933.267	2.250933267	0.6823438561
global	46	0.2	1024	2212700.3	2.2127003	0.6707539834
global	48	0.2	1024	2178183.833	2.178183833	0.6602907239
thread	1	0.2	1024	3208836.4	3.2088364	1
thread	2	0.2	1024	2938112.43	2.93811243	0.9156317317
thread	4	0.2	1024	4554531.7	4.5545317	1.419371739
thread	6	0.2	1024	6144511.367	6.144511367	1.914872122
thread	8	0.2	1024	7476310.233	7.476310233	2.329913184
thread	10	0.2	1024	8870271.767	8.870271767	2.764326585
thread	12	0.2	1024	10273442.83	10.27344283	3.201610039
thread	14	0.2	1024	11607562.57	11.60756257	3.617374375
thread	16	0.2	1024	12227273.3	12.2272733	3.810500685
thread	18	0.2	1024	13426962.03	13.42696203	4.184371018
thread	20	0.2	1024	14437070.57	14.43707057	4.499160682
thread	22	0.2	1024	14762591.4	14.7625914	4.600605815
thread	24	0.2	1024	15038070	15.03807	4.686455813
thread	26	0.2	1024	16145214	16.145214	5.031485557
thread	28	0.2	1024	17321790.24	17.32179024	5.398153125
thread	30	0.2	1024	17635648.33	17.63564833	5.495963687
thread	32	0.2	1024	15998519.97	15.99851997	4.985769909
thread	34	0.2	1024	17974347	17.974347	5.601515552
thread	36	0.2	1024	19630787.77	19.63078777	6.117727836
thread	38	0.2	1024	17854362.43	17.85436243	5.564123629
thread	40	0.2	1024	15808014.5	15.8080145	4.926400891
thread	42	0.2	1024	17926302.1	17.9263021	5.586542866
thread	44	0.2	1024	16921675.47	16.92167547	5.273461578
thread	46	0.2	1024	15917938.93	15.91793893	4.960657681
thread	48	0.2	1024	19022824.7	19.0228247	5.928262563
global	1	0.2	1048576	2182020.933	2.182020933	1
global	2	0.2	1048576	2204691.433	2.204691433	1.01038968
global	4	0.2	1048576	2662241.733	2.662241733	1.220080748
global	6	0.2	1048576	2565789.7	2.5657897	1.175877674
global	8	0.2	1048576	2627688.567	2.627688567	1.204245352
global	10	0.2	1048576	2590397.567	2.590397567	1.187155232
global	12	0.2	1048576	2749850.2	2.7498502	1.260230898
global	14	0.2	1048576	2734379.8	2.7343798	1.253140957
global	16	0.2	1048576	2709319.767	2.709319767	1.241656175
global	18	0.2	1048576	2658496.233	2.658496233	1.21836422
global	20	0.2	1048576	2660798.167	2.660798167	1.219419175
global	22	0.2	1048576	2595912.503	2.595912503	1.189682676
global	24	0.2	1048576	2631699.133	2.631699133	1.206083357
global	26	0.2	1048576	2651734.4	2.6517344	1.215265335
global	28	0.2	1048576	2631769.433	2.631769433	1.206115575
global	30	0.2	1048576	2645399.1	2.6453991	1.212361925
global	32	0.2	1048576	2658014.433	2.658014433	1.218143416
global	34	0.2	1048576	2609878.767	2.609878767	1.196083285
global	36	0.2	1048576	2570086.1	2.5700861	1.177846674
global	38	0.2	1048576	2544190.967	2.544190967	1.165979175
global	40	0.2	1048576	2609723.2	2.6097232	1.196011991
global	42	0.2	1048576	2583303.267	2.583303267	1.18390398
global	44	0.2	1048576	2562150.333	2.562150333	1.174209786
global	46	0.2	1048576	2582626.367	2.582626367	1.183593763
global	48	0.2	1048576	2637216.567	2.637216567	1.208611946
thread	1	0.2	1048576	2159314.5	2.1593145	1
thread	2	0.2	1048576	3129158.267	3.129158267	1.449144285
thread	4	0.2	1048576	4699844.533	4.699844533	2.176544701
thread	6	0.2	1048576	6491179.867	6.491179867	3.006129893
thread	8	0.2	1048576	8613957	8.613957	3.989209075
thread	10	0.2	1048576	10647498.13	10.64749813	4.93096218
thread	12	0.2	1048576	12683394.72	12.68339472	5.873806118
thread	14	0.2	1048576	14446264.57	14.44626457	6.69020866
thread	16	0.2	1048576	15864196.3	15.8641963	7.346866934
thread	18	0.2	1048576	18163708.1	18.1637081	8.411793697
thread	20	0.2	1048576	19987262.37	19.98726237	9.256299796
thread	22	0.2	1048576	21050492.27	21.05049227	9.748692127
thread	24	0.2	1048576	23359695.33	23.35969533	10.81810701
thread	26	0.2	1048576	25073050.37	25.07305037	11.61157875
thread	28	0.2	1048576	26321023.33	26.32102333	12.18952743
thread	30	0.2	1048576	27902682.48	27.90268248	12.9220095
thread	32	0.2	1048576	27978921.53	27.97892153	12.95731656
thread	34	0.2	1048576	28779648.9	28.7796489	13.32814136
thread	36	0.2	1048576	31994362.5	31.9943625	14.81690717
thread	38	0.2	1048576	29143302.6	29.1433026	13.496553
thread	40	0.2	1048576	35457965.73	35.45796573	16.42093624
thread	42	0.2	1048576	36402211.23	36.40221123	16.85822572
thread	44	0.2	1048576	37205834.43	37.20583443	17.2303916
thread	46	0.2	1048576	36626165.3	36.6261653	16.96194107
thread	48	0.2	1048576	38417601.17	38.41760117	17.79157282
global	1	0.4	1024	3275206.633	3.275206633	1
global	2	0.4	1024	2442073	2.442073	0.7456241005
global	4	0.4	1024	2967297.133	2.967297133	0.9059877637
global	6	0.4	1024	2651012.367	2.651012367	0.8094183554
global	8	0.4	1024	2607958.333	2.607958333	0.7962729151
global	10	0.4	1024	2715879.333	2.715879333	0.8292238131
global	12	0.4	1024	2744482.533	2.744482533	0.8379570637
global	14	0.4	1024	2697277.6	2.6972776	0.8235442529
global	16	0.4	1024	2685002.367	2.685002367	0.8197963265
global	18	0.4	1024	2699076	2.699076	0.824093348
global	20	0.4	1024	2652931.567	2.652931567	0.8100043337
global	22	0.4	1024	2587410.667	2.587410667	0.7899992142
global	24	0.4	1024	2561813.533	2.561813533	0.7821837887
global	26	0.4	1024	2574385.333	2.574385333	0.7860222641
global	28	0.4	1024	2589331.267	2.589331267	0.7905856199
global	30	0.4	1024	2546590.8	2.5465908	0.7775359191
global	32	0.4	1024	2528654.6	2.5286546	0.7720595624
global	34	0.4	1024	2375905.7	2.3759057	0.7254216195
global	36	0.4	1024	2498570.348	2.498570348	0.7628741107
global	38	0.4	1024	2367497.3	2.3674973	0.7228543311
global	40	0.4	1024	2390216.459	2.390216459	0.7297910413
global	42	0.4	1024	2358971.133	2.358971133	0.7202510856
global	44	0.4	1024	2313859.5	2.3138595	0.7064774101
global	46	0.4	1024	2284982.101	2.284982101	0.6976604399
global	48	0.4	1024	2256968.667	2.256968667	0.6891072593
thread	1	0.4	1024	3188314.933	3.188314933	1
thread	2	0.4	1024	3024013	3.024013	0.9484674705
thread	4	0.4	1024	4908637.1	4.9086371	1.539570965
thread	6	0.4	1024	6464003.5	6.4640035	2.02740433
thread	8	0.4	1024	8255486.5	8.2554865	2.589294556
thread	10	0.4	1024	9732855.533	9.732855533	3.052664413
thread	12	0.4	1024	11267006.93	11.26700693	3.533843792
thread	14	0.4	1024	12347751.4	12.3477514	3.872814216
thread	16	0.4	1024	13111049.3	13.1110493	4.112219017
thread	18	0.4	1024	15108183.43	15.10818343	4.738610755
thread	20	0.4	1024	15647838.13	15.64783813	4.907870916
thread	22	0.4	1024	16562095.93	16.56209593	5.194623579
thread	24	0.4	1024	16405268.53	16.40526853	5.145435403
thread	26	0.4	1024	17948638.23	17.94863823	5.629506058
thread	28	0.4	1024	18761491.03	18.76149103	5.88445352
thread	30	0.4	1024	17741457.6	17.7414576	5.564524826
thread	32	0.4	1024	18255653.43	18.25565343	5.725799934
thread	34	0.4	1024	19614289.49	19.61428949	6.15192975
thread	36	0.4	1024	20458214.63	20.45821463	6.416622906
thread	38	0.4	1024	20537053.37	20.53705337	6.441350305
thread	40	0.4	1024	18906100.7	18.9061007	5.929809663
thread	42	0.4	1024	20665282.13	20.66528213	6.481568655
thread	44	0.4	1024	17909314.07	17.90931407	5.617172218
thread	46	0.4	1024	21654844.67	21.65484467	6.791940294
thread	48	0.4	1024	18702588.13	18.70258813	5.865978902
global	1	0.4	1048576	2184768.3	2.1847683	1
global	2	0.4	1048576	2358183.367	2.358183367	1.07937458
global	4	0.4	1048576	3115046.1	3.1150461	1.425801583
global	6	0.4	1048576	2567535.267	2.567535267	1.175197968
global	8	0.4	1048576	2783523.933	2.783523933	1.2740591
global	10	0.4	1048576	2723467.467	2.723467467	1.246570388
global	12	0.4	1048576	2803722.543	2.803722543	1.283304295
global	14	0.4	1048576	2769021.4	2.7690214	1.267421081
global	16	0.4	1048576	2723732.4	2.7237324	1.246691651
global	18	0.4	1048576	2764756.633	2.764756633	1.265469035
global	20	0.4	1048576	2706150.167	2.706150167	1.238644009
global	22	0.4	1048576	2691449.318	2.691449318	1.231915219
global	24	0.4	1048576	2692466.1	2.6924661	1.232380614
global	26	0.4	1048576	2699994.8	2.6999948	1.235826609
global	28	0.4	1048576	2696006.3	2.6960063	1.234001015
global	30	0.4	1048576	2663425.8	2.6634258	1.21908845
global	32	0.4	1048576	2655682.344	2.655682344	1.215544158
global	34	0.4	1048576	2651007.533	2.651007533	1.21340443
global	36	0.4	1048576	2595305.9	2.5953059	1.187908988
global	38	0.4	1048576	2636954.967	2.636954967	1.206972367
global	40	0.4	1048576	2625097.067	2.625097067	1.201544835
global	42	0.4	1048576	2629844.467	2.629844467	1.203717789
global	44	0.4	1048576	2623739.733	2.623739733	1.200923564
global	46	0.4	1048576	2616745.4	2.6167454	1.197722157
global	48	0.4	1048576	2612188.394	2.612188394	1.195636349
thread	1	0.4	1048576	2083726.833	2.083726833	1
thread	2	0.4	1048576	3184685.967	3.184685967	1.528360587
thread	4	0.4	1048576	5055272.733	5.055272733	2.426072675
thread	6	0.4	1048576	7057778.174	7.057778174	3.387093769
thread	8	0.4	1048576	9167964.3	9.1679643	4.399791831
thread	10	0.4	1048576	11279572.13	11.27957213	5.413172184
thread	12	0.4	1048576	13260225.2	13.2602252	6.363706119
thread	14	0.4	1048576	15028929.53	15.02892953	7.212523874
thread	16	0.4	1048576	17349732.63	17.34973263	8.326298993
thread	18	0.4	1048576	19392138.63	19.39213863	9.306468738
thread	20	0.4	1048576	20829003.47	20.82900347	9.996033613
thread	22	0.4	1048576	22710946.73	22.71094673	10.89919579
thread	24	0.4	1048576	24591119.1	24.5911191	11.8015081
thread	26	0.4	1048576	25996417.3	25.9964173	12.47592385
thread	28	0.4	1048576	28008597.7	28.0085977	13.44158805
thread	30	0.4	1048576	29787800.5	29.7878005	14.29544412
thread	32	0.4	1048576	30919041.63	30.91904163	14.83833732
thread	34	0.4	1048576	33644300.27	33.64430027	16.14621443
thread	36	0.4	1048576	34442868.3	34.4428683	16.5294547
thread	38	0.4	1048576	36490146.77	36.49014677	17.51196279
thread	40	0.4	1048576	36193936.5	36.1939365	17.36980871
thread	42	0.4	1048576	37736168.76	37.73616876	18.1099404
thread	44	0.4	1048576	39830860.57	39.83086057	19.11520259
thread	46	0.4	1048576	40345818.8	40.3458188	19.36233587
thread	48	0.4	1048576	41759268.6	41.7592686	20.04066365
global	1	0.6	1024	3195309.4	3.1953094	1
global	2	0.6	1024	2430461	2.430461	0.7606340093
global	4	0.6	1024	2764825.6	2.7648256	0.8652763329
global	6	0.6	1024	2765304.367	2.765304367	0.8654261671
global	8	0.6	1024	2679004.967	2.679004967	0.8384180157
global	10	0.6	1024	2697814.8	2.6978148	0.8443047174
global	12	0.6	1024	2801421.067	2.801421067	0.876729204
global	14	0.6	1024	2795610.133	2.795610133	0.8749106216
global	16	0.6	1024	2733844.967	2.733844967	0.8555806729
global	18	0.6	1024	2742492.95	2.74249295	0.858287135
global	20	0.6	1024	2756669.8	2.7566698	0.862723904
global	22	0.6	1024	2700371.6	2.7003716	0.8451048903
global	24	0.6	1024	2670045	2.670045	0.8356139158
global	26	0.6	1024	2653552.648	2.653552648	0.8304524902
global	28	0.6	1024	2660877.533	2.660877533	0.832744877
global	30	0.6	1024	2681253.067	2.681253067	0.8391215782
global	32	0.6	1024	2639889.737	2.639889737	0.8261765627
global	34	0.6	1024	2482068.1	2.4820681	0.7767849023
global	36	0.6	1024	2507745.1	2.5077451	0.7848207438
global	38	0.6	1024	2561178.367	2.561178367	0.8015431516
global	40	0.6	1024	2466777.8	2.4667778	0.7719996693
global	42	0.6	1024	2394806.973	2.394806973	0.74947577
global	44	0.6	1024	2330615.767	2.330615767	0.729386571
global	46	0.6	1024	2377372.5	2.3773725	0.7440194993
global	48	0.6	1024	2262858.4	2.2628584	0.708181311
thread	1	0.6	1024	3169472.933	3.169472933	1
thread	2	0.6	1024	3518638.633	3.518638633	1.110165225
thread	4	0.6	1024	5477005.3	5.4770053	1.728049242
thread	6	0.6	1024	7451921.067	7.451921067	2.351154663
thread	8	0.6	1024	9237073.2	9.2370732	2.914387784
thread	10	0.6	1024	11297148.83	11.29714883	3.564361984
thread	12	0.6	1024	12832622.5	12.8326225	4.048819084
thread	14	0.6	1024	14481964.2	14.4819642	4.569202673
thread	16	0.6	1024	15164643.27	15.16464327	4.784594658
thread	18	0.6	1024	17632195.8	17.6321958	5.563131843
thread	20	0.6	1024	18764473.5	18.7644735	5.920376635
thread	22	0.6	1024	19404297.17	19.40429717	6.122247318
thread	24	0.6	1024	19480329.17	19.48032917	6.146236165
thread	26	0.6	1024	21255921	21.255921	6.706452918
thread	28	0.6	1024	22526957.17	22.52695717	7.107477376
thread	30	0.6	1024	21905482.6	21.9054826	6.911396015
thread	32	0.6	1024	21820141.4	21.8201414	6.884470024
thread	34	0.6	1024	24899219.03	24.89921903	7.855949414
thread	36	0.6	1024	24496061.13	24.49606113	7.728749117
thread	38	0.6	1024	24296799.87	24.29679987	7.66588022
thread	40	0.6	1024	22302211.57	22.30221157	7.03656792
thread	42	0.6	1024	23058852.44	23.05885244	7.275295585
thread	44	0.6	1024	26407490.23	26.40749023	8.331823867
thread	46	0.6	1024	25089793.97	25.08979397	7.916077687
thread	48	0.6	1024	22393391	22.393391	7.065335932
global	1	0.6	1048576	2170649.067	2.170649067	1
global	2	0.6	1048576	2360563.433	2.360563433	1.087491972
global	4	0.6	1048576	3033305.367	3.033305367	1.397418594
global	6	0.6	1048576	2694451.685	2.694451685	1.241311517
global	8	0.6	1048576	2739741.767	2.739741767	1.262176281
global	10	0.6	1048576	2774462.9	2.7744629	1.278172019
global	12	0.6	1048576	2814662.178	2.814662178	1.296691492
global	14	0.6	1048576	2832596.667	2.832596667	1.304953763
global	16	0.6	1048576	2809246.833	2.809246833	1.294196688
global	18	0.6	1048576	2793687.733	2.793687733	1.28702874
global	20	0.6	1048576	2816766.033	2.816766033	1.297660721
global	22	0.6	1048576	2788936.333	2.788936333	1.28483981
global	24	0.6	1048576	2776850.167	2.776850167	1.279271813
global	26	0.6	1048576	2785938.867	2.785938867	1.283458902
global	28	0.6	1048576	2774016.033	2.774016033	1.277966151
global	30	0.6	1048576	2773553.3	2.7735533	1.277752974
global	32	0.6	1048576	2742455.067	2.742455067	1.263426276
global	34	0.6	1048576	2739025.267	2.739025267	1.261846196
global	36	0.6	1048576	2701326.433	2.701326433	1.244478656
global	38	0.6	1048576	2680823.7	2.6808237	1.235033217
global	40	0.6	1048576	2647402.967	2.647402967	1.219636563
global	42	0.6	1048576	2715816.067	2.715816067	1.25115391
global	44	0.6	1048576	2679905.433	2.679905433	1.234610179
global	46	0.6	1048576	2666402.333	2.666402333	1.228389413
global	48	0.6	1048576	2684909.067	2.684909067	1.236915312
thread	1	0.6	1048576	2098854.733	2.098854733	1
thread	2	0.6	1048576	3234855.067	3.234855067	1.541247717
thread	4	0.6	1048576	5617730.033	5.617730033	2.676569247
thread	6	0.6	1048576	8257723.633	8.257723633	3.934395031
thread	8	0.6	1048576	10107805.11	10.10780511	4.815866933
thread	10	0.6	1048576	12677722.13	12.67772213	6.040304711
thread	12	0.6	1048576	15228688.1	15.2286881	7.255713251
thread	14	0.6	1048576	17299794.4	17.2997944	8.242492501
thread	16	0.6	1048576	19821949.1	19.8219491	9.444173904
thread	18	0.6	1048576	21814844.07	21.81484407	10.39368934
thread	20	0.6	1048576	24482671.6	24.4826716	11.66477661
thread	22	0.6	1048576	26613006.53	26.61300653	12.67977536
thread	24	0.6	1048576	28218198.53	28.21819853	13.4445696
thread	26	0.6	1048576	30579930.7	30.5799307	14.56981763
thread	28	0.6	1048576	31943108.77	31.94310877	15.21930425
thread	30	0.6	1048576	34908547.83	34.90854783	16.63218863
thread	32	0.6	1048576	37000162.77	37.00016277	17.62873923
thread	34	0.6	1048576	34132738.43	34.13273843	16.262554
thread	36	0.6	1048576	39682684.63	39.68268463	18.90682762
thread	38	0.6	1048576	42590778.64	42.59077864	20.29238992
thread	40	0.6	1048576	38261874.33	38.26187433	18.2298821
thread	42	0.6	1048576	44729846.63	44.72984663	21.31154954
thread	44	0.6	1048576	38234067.37	38.23406737	18.21663346
thread	46	0.6	1048576	49080796.87	49.08079687	23.38456115
thread	48	0.6	1048576	49515785.57	49.51578557	23.59181166
global	1	0.8	1024	3186174.4	3.1861744	1
global	2	0.8	1024	2749227.067	2.749227067	0.8628614512
global	4	0.8	1024	2906180.867	2.906180867	0.9121223454
global	6	0.8	1024	2952943.967	2.952943967	0.9267992256
global	8	0.8	1024	2847980.1	2.8479801	0.8938556847
global	10	0.8	1024	2907791.267	2.907791267	0.9126277792
global	12	0.8	1024	3011401.267	3.011401267	0.9451464009
global	14	0.8	1024	2873515.867	2.873515867	0.9018702387
global	16	0.8	1024	2937052.2	2.9370522	0.9218114991
global	18	0.8	1024	2902024.267	2.902024267	0.9108177715
global	20	0.8	1024	2874811	2.874811	0.9022767241
global	22	0.8	1024	2878265.033	2.878265033	0.9033607932
global	24	0.8	1024	2846995.4	2.8469954	0.8935466307
global	26	0.8	1024	2852421.433	2.852421433	0.8952496239
global	28	0.8	1024	2868788.133	2.868788133	0.9003864112
global	30	0.8	1024	2823692.867	2.823692867	0.8862329905
global	32	0.8	1024	2818087.5	2.8180875	0.8844737124
global	34	0.8	1024	2732062.667	2.732062667	0.8574743011
global	36	0.8	1024	2511100.8	2.5111008	0.7881240901
global	38	0.8	1024	2587528.733	2.587528733	0.8121114567
global	40	0.8	1024	2541472.267	2.541472267	0.7976563576
global	42	0.8	1024	2584839.405	2.584839405	0.811267395
global	44	0.8	1024	2586858.533	2.586858533	0.8119011104
global	46	0.8	1024	2557152.967	2.557152967	0.8025778396
global	48	0.8	1024	2515001.033	2.515001033	0.7893482018
thread	1	0.8	1024	3201986.8	3.2019868	1
thread	2	0.8	1024	4185299.8	4.1852998	1.307094645
thread	4	0.8	1024	7125874.167	7.125874167	2.225453948
thread	6	0.8	1024	9859608.667	9.859608667	3.0792159
thread	8	0.8	1024	12326494.5	12.3264945	3.849639386
thread	10	0.8	1024	14770473.03	14.77047303	4.612908783
thread	12	0.8	1024	17289672.67	17.28967267	5.399670188
thread	14	0.8	1024	18791017.93	18.79101793	5.868549469
thread	16	0.8	1024	19407585.73	19.40758573	6.061107352
thread	18	0.8	1024	23539264.97	23.53926497	7.351455967
thread	20	0.8	1024	24803554.51	24.80355451	7.746301301
thread	22	0.8	1024	25038926.23	25.03892623	7.819809324
thread	24	0.8	1024	24867671.7	24.8676717	7.766325489
thread	26	0.8	1024	29602012.57	29.60201257	9.244889007
thread	28	0.8	1024	30894730.9	30.8947309	9.648612824
thread	30	0.8	1024	28019755	28.019755	8.750740322
thread	32	0.8	1024	27252645.83	27.25264583	8.511167452
thread	34	0.8	1024	33697265.5	33.6972655	10.52386147
thread	36	0.8	1024	34749339.17	34.74933917	10.85243049
thread	38	0.8	1024	30436815.7	30.4368157	9.505603115
thread	40	0.8	1024	27714676.13	27.71467613	8.655462331
thread	42	0.8	1024	32968731.87	32.96873187	10.29633597
thread	44	0.8	1024	36169736.23	36.16973623	11.29602915
thread	46	0.8	1024	30738453.7	30.7384537	9.599806501
thread	48	0.8	1024	28074821.03	28.07482103	8.76793778
global	1	0.8	1048576	2206976.4	2.2069764	1
global	2	0.8	1048576	2329484.033	2.329484033	1.055509263
global	4	0.8	1048576	3160013.967	3.160013967	1.431829523
global	6	0.8	1048576	2962712.61	2.96271261	1.34243058
global	8	0.8	1048576	2873876.233	2.873876233	1.302178054
global	10	0.8	1048576	2933634.667	2.933634667	1.329255114
global	12	0.8	1048576	2983902.567	2.983902567	1.352031932
global	14	0.8	1048576	3013619.767	3.013619767	1.365497051
global	16	0.8	1048576	3010145.867	3.010145867	1.363922997
global	18	0.8	1048576	2980779.9	2.9807799	1.350617025
global	20	0.8	1048576	2980859.033	2.980859033	1.350652881
global	22	0.8	1048576	2976433.667	2.976433667	1.348647709
global	24	0.8	1048576	2945093.033	2.945093033	1.334446999
global	26	0.8	1048576	2995295.3	2.9952953	1.357194078
global	28	0.8	1048576	2989982.867	2.989982867	1.354786969
global	30	0.8	1048576	2980932.269	2.980932269	1.350686065
global	32	0.8	1048576	2961771.467	2.961771467	1.34200414
global	34	0.8	1048576	2885865.167	2.885865167	1.307610343
global	36	0.8	1048576	2861845.267	2.861845267	1.296726719
global	38	0.8	1048576	2799370.767	2.799370767	1.268418986
global	40	0.8	1048576	2822548.967	2.822548967	1.278921228
global	42	0.8	1048576	2836326.533	2.836326533	1.285163962
global	44	0.8	1048576	2825414.933	2.825414933	1.280219822
global	46	0.8	1048576	2835852.133	2.835852133	1.284949007
global	48	0.8	1048576	2813928.2	2.8139282	1.275015084
thread	1	0.8	1048576	2168169	2.168169	1
thread	2	0.8	1048576	3727078.367	3.727078367	1.718998089
thread	4	0.8	1048576	6904869.167	6.904869167	3.184654502
thread	6	0.8	1048576	10227818.4	10.2278184	4.717260693
thread	8	0.8	1048576	13213498.9	13.2134989	6.094312251
thread	10	0.8	1048576	16241387.7	16.2413877	7.490831065
thread	12	0.8	1048576	19511346.29	19.51134629	8.998996982
thread	14	0.8	1048576	22656410.3	22.6564103	10.44955919
thread	16	0.8	1048576	26012941.33	26.01294133	11.99765393
thread	18	0.8	1048576	29138741.2	29.1387412	13.43933116
thread	20	0.8	1048576	31798837.67	31.79883767	14.66621729
thread	22	0.8	1048576	35375531.3	35.3755313	16.31585513
thread	24	0.8	1048576	37413409.9	37.4134099	17.25576277
thread	26	0.8	1048576	40355438.63	40.35543863	18.61268131
thread	28	0.8	1048576	43389310.93	43.38931093	20.01195983
thread	30	0.8	1048576	46656631.58	46.65663158	21.51890908
thread	32	0.8	1048576	49231853	49.231853	22.70664925
thread	34	0.8	1048576	51879654.9	51.8796549	23.92786489
thread	36	0.8	1048576	49255742.23	49.25574223	22.71766741
thread	38	0.8	1048576	56569034.53	56.56903453	26.09069428
thread	40	0.8	1048576	59290230.43	59.29023043	27.34576061
thread	42	0.8	1048576	62227688.03	62.22768803	28.70057087
thread	44	0.8	1048576	64312589.55	64.31258955	29.66216635
thread	46	0.8	1048576	65284150.73	65.28415073	30.1102685
thread	48	0.8	1048576	67838531.3	67.8385313	31.28839648
global	1	1	1024	3321716.8	3.3217168	1
global	2	1	1024	3635338.4	3.6353384	1.094415514
global	4	1	1024	3368713.1	3.3687131	1.014148196
global	6	1	1024	3111633.8	3.1116338	0.9367546926
global	8	1	1024	3138991.4	3.1389914	0.9449906747
global	10	1	1024	3155848.533	3.155848533	0.9500655003
global	12	1	1024	3177200.9	3.1772009	0.956493612
global	14	1	1024	3126262.867	3.126262867	0.9411587606
global	16	1	1024	3131518.167	3.131518167	0.9427408642
global	18	1	1024	3119314.7	3.1193147	0.939067021
global	20	1	1024	3165030.3	3.1650303	0.9528296633
global	22	1	1024	3076131.996	3.076131996	0.9260669048
global	24	1	1024	3093683.367	3.093683367	0.93135073
global	26	1	1024	3131119.467	3.131119467	0.9426208359
global	28	1	1024	3108644.967	3.108644967	0.9358549069
global	30	1	1024	3105664.367	3.105664367	0.9349575998
global	32	1	1024	3096292.133	3.096292133	0.932136097
global	34	1	1024	3022144.967	3.022144967	0.9098141559
global	36	1	1024	2849988.767	2.849988767	0.8579866793
global	38	1	1024	2932885.4	2.9328854	0.8829426398
global	40	1	1024	2891283.867	2.891283867	0.8704185338
global	42	1	1024	2839775.533	2.839775533	0.8549119941
global	44	1	1024	2849185.9	2.8491859	0.8577449769
global	46	1	1024	2848499.1	2.8484991	0.8575382164
global	48	1	1024	2856722.9	2.8567229	0.8600139843
thread	1	1	1024	3237691.967	3.237691967	1
thread	2	1	1024	6451289.424	6.451289424	1.992558122
thread	4	1	1024	12969954	12.969954	4.005925868
thread	6	1	1024	17915774.71	17.91577471	5.533501918
thread	8	1	1024	23138957.37	23.13895737	7.146744534
thread	10	1	1024	28638646.13	28.63864613	8.845389379
thread	12	1	1024	33460321.73	33.46032173	10.33462172
thread	14	1	1024	36006726.5	36.0067265	11.12110938
thread	16	1	1024	33366963.37	33.36696337	10.30578687
thread	18	1	1024	45744457.3	45.7444573	14.12872434
thread	20	1	1024	50330539.9	50.3305399	15.54519096
thread	22	1	1024	46018347.73	46.01834773	14.21331869
thread	24	1	1024	39650496.23	39.65049623	12.24653137
thread	26	1	1024	58651556.83	58.65155683	18.11523685
thread	28	1	1024	65719971.1	65.7199711	20.29840138
thread	30	1	1024	48343405.17	48.34340517	14.93144056
thread	32	1	1024	43796774.83	43.79677483	13.52715925
thread	34	1	1024	67121315.9	67.1213159	20.73122354
thread	36	1	1024	78116791.7	78.1167917	24.12730813
thread	38	1	1024	51172691.3	51.1726913	15.80529952
thread	40	1	1024	44998392.63	44.99839263	13.89829332
thread	42	1	1024	68752752.9	68.7527529	21.23511242
thread	44	1	1024	72981456.07	72.98145607	22.54119812
thread	46	1	1024	48555051.67	48.55505167	14.99681012
thread	48	1	1024	47364254.86	47.36425486	14.62901825
global	1	1	1048576	2154474.533	2.154474533	1
global	2	1	1048576	2516450.967	2.516450967	1.16801147
global	4	1	1048576	3229428.633	3.229428633	1.498940268
global	6	1	1048576	3333030.233	3.333030233	1.547026981
global	8	1	1048576	3226505.067	3.226505067	1.497583293
global	10	1	1048576	3162829.4	3.1628294	1.468028213
global	12	1	1048576	3130675.9	3.1306759	1.453104157
global	14	1	1048576	3145162.3	3.1451623	1.459828024
global	16	1	1048576	3185720.167	3.185720167	1.47865297
global	18	1	1048576	3152919.5	3.1529195	1.46342853
global	20	1	1048576	3180537.1	3.1805371	1.476247248
global	22	1	1048576	3174355.667	3.174355667	1.473378134
global	24	1	1048576	3211889.3	3.2118893	1.490799381
global	26	1	1048576	3180149.3	3.1801493	1.47606725
global	28	1	1048576	3161225.167	3.161225167	1.467283608
global	30	1	1048576	3199597.3	3.1995973	1.485094045
global	32	1	1048576	3181239.033	3.181239033	1.47657305
global	34	1	1048576	3098303.533	3.098303533	1.438078513
global	36	1	1048576	3135267.733	3.135267733	1.455235458
global	38	1	1048576	3065344.1	3.0653441	1.422780382
global	40	1	1048576	3040595.333	3.040595333	1.411293235
global	42	1	1048576	3059942.8	3.0599428	1.420273367
global	44	1	1048576	3048715.667	3.048715667	1.41506229
global	46	1	1048576	3058184.2	3.0581842	1.419457112
global	48	1	1048576	3030243.5	3.0302435	1.406488428
thread	1	1	1048576	2132532.467	2.132532467	1
thread	2	1	1048576	4682847.167	4.682847167	2.195908967
thread	4	1	1048576	11091011.87	11.09101187	5.200864249
thread	6	1	1048576	16773486.77	16.77348677	7.865524689
thread	8	1	1048576	22626685.9	22.6266859	10.61024217
thread	10	1	1048576	28389802.81	28.38980281	13.31271774
thread	12	1	1048576	34170656.58	34.17065658	16.0235106
thread	14	1	1048576	39984117.83	39.98411783	18.74959395
thread	16	1	1048576	45881049.57	45.88104957	21.51481878
thread	18	1	1048576	51680762.01	51.68076201	24.23445496
thread	20	1	1048576	57709064.57	57.70906457	27.06128299
thread	22	1	1048576	63608581.8	63.6085818	29.82772023
thread	24	1	1048576	69868574.13	69.86857413	32.76319363
thread	26	1	1048576	75994398.35	75.99439835	35.63575211
thread	28	1	1048576	81968527.67	81.96852767	38.4371769
thread	30	1	1048576	87928409.33	87.92840933	41.2319206
thread	32	1	1048576	94318249.7	94.3182497	44.22828312
thread	34	1	1048576	100334895.8	100.3348958	47.04964515
thread	36	1	1048576	105665878.8	105.6658788	49.54948186
thread	38	1	1048576	112487138.2	112.4871382	52.74814802
thread	40	1	1048576	118370347.2	118.3703472	55.50693788
thread	42	1	1048576	124742413.8	124.7424138	58.49496584
thread	44	1	1048576	128693503.8	128.6935038	60.34773484
thread	46	1	1048576	136147231.5	136.1472315	63.84298183
thread	48	1	1048576	141358477.2	141.3584772	66.2866706
global_async	1	0.8	1048576	20700312	20.700312	1
global_async	2	0.8	1048576	34222493	34.222493	1.653235613
global_async	4	0.8	1048576	69247102	69.247102	3.345220207
global_async	6	0.8	1048576	100639660	100.63966	4.861746045
global_async	8	0.8	1048576	134227145	134.227145	6.484305406
global_async	10	0.8	1048576	163494296	163.494296	7.898156124
global_async	12	0.8	1048576	195338280	195.33828	9.436489653
global_async	14	0.8	1048576	225752591	225.752591	10.90575789
global_async	16	0.8	1048576	254323350	254.32335	12.28596699
global_async	18	0.8	1048576	288801053	288.801053	13.95153141
global_async	20	0.8	1048576	312037248	312.037248	15.07403599
global_async	22	0.8	1048576	344120521	344.120521	16.62392919
global_async	24	0.8	1048576	369702154	369.702154	17.85973825
global_async	26	0.8	1048576	401060910	401.06091	19.37463116
global_async	28	0.8	1048576	430626844	430.626844	20.80291563
global_async	30	0.8	1048576	451254973	451.254973	21.79942858
global_async	32	0.8	1048576	478782084	478.782084	23.12922066
global_async	34	0.8	1048576	506488183	506.488183	24.46765938
global_async	36	0.8	1048576	528059105	528.059105	25.5097172
global_async	38	0.8	1048576	544805448	544.805448	26.31870708
global_async	40	0.8	1048576	585393198	585.393198	28.2794384
global_async	42	0.8	1048576	593211664	593.211664	28.65713638
global_async	44	0.8	1048576	501922262	501.922262	24.24708681
global_async	46	0.8	1048576	571105354	571.105354	27.58921479
global_async	48	0.8	1048576	653157234	653.157234	31.55301398
global_async	1	1	1048576	20298713	20.298713	1
global_async	2	1	1048576	44288521	44.288521	2.181838868
global_async	4	1	1048576	108066325	108.066325	5.32380181
global_async	6	1	1048576	162299882	162.299882	7.99557499
global_async	8	1	1048576	219743140	219.74314	10.82547155
global_async	10	1	1048576	273626862	273.626862	13.48001038
global_async	12	1	1048576	329962721	329.962721	16.2553518
global_async	14	1	1048576	388553287	388.553287	19.14176958
global_async	16	1	1048576	445167938	445.167938	21.93084547
global_async	18	1	1048576	502158450	502.15845	24.73843785
global_async	20	1	1048576	561042363	561.042363	27.63930713
global_async	22	1	1048576	618506179	618.506179	30.47021646
global_async	24	1	1048576	677036364	677.036364	33.35365961
global_async	26	1	1048576	733604938	733.604938	36.14046556
global_async	28	1	1048576	791894965	791.894965	39.01207751
global_async	30	1	1048576	853237981	853.237981	42.03409256
global_async	32	1	1048576	910378306	910.378306	44.84906536
global_async	34	1	1048576	943521875	943.521875	46.481857
global_async	36	1	1048576	1017836415	1017.836415	50.14290389
global_async	38	1	1048576	1084334460	1084.33446	53.41887734
global_async	40	1	1048576	1140824283	1140.824283	56.20180368
global_async	42	1	1048576	1199126653	1199.126653	59.07402371
global_async	44	1	1048576	1245485264	1245.485264	61.35784392
global_async	46	1	1048576	1297382327	1297.382327	63.91451158
global_async	48	1	1048576	1356837538	1356.837538	66.8435254
