GLOBAL_CLOCK 2 0 1024 8360296.900000
GLOBAL_CLOCK 2 0.2 1024 3637923.966667
GLOBAL_CLOCK 2 0.4 1024 3803767.641079
GLOBAL_CLOCK 2 0.6 1024 3855391.966667
GLOBAL_CLOCK 2 0.8 1024 4328033.866667
GLOBAL_CLOCK 2 1.0 1024 8363826.900000
GLOBAL_CLOCK 2 0 1048576 9117132.528916
GLOBAL_CLOCK 2 0.2 1048576 3873142.400000
GLOBAL_CLOCK 2 0.4 1048576 3900080.066667
GLOBAL_CLOCK 2 0.6 1048576 3995226.466667
GLOBAL_CLOCK 2 0.8 1048576 4047317.700000
GLOBAL_CLOCK 2 1.0 1048576 4114348.366667
GLOBAL_CLOCK 4 0 1024 4697160.766667
GLOBAL_CLOCK 4 0.2 1024 5723625.933333
GLOBAL_CLOCK 4 0.4 1024 4748900.200000
GLOBAL_CLOCK 4 0.6 1024 5029148.533333
GLOBAL_CLOCK 4 0.8 1024 5265255.433333
GLOBAL_CLOCK 4 1.0 1024 5881913.900000
GLOBAL_CLOCK 4 0 1048576 5602295.000000
GLOBAL_CLOCK 4 0.2 1048576 5960764.866667
GLOBAL_CLOCK 4 0.4 1048576 5338409.533333
GLOBAL_CLOCK 4 0.6 1048576 5112599.033333
GLOBAL_CLOCK 4 0.8 1048576 5323761.833333
GLOBAL_CLOCK 4 1.0 1048576 5515964.633333
GLOBAL_CLOCK 6 0 1024 5065605.046498
GLOBAL_CLOCK 6 0.2 1024 5813004.200000
GLOBAL_CLOCK 6 0.4 1024 5096347.433333
GLOBAL_CLOCK 6 0.6 1024 5322887.366667
GLOBAL_CLOCK 6 0.8 1024 5646130.300000
GLOBAL_CLOCK 6 1.0 1024 7452221.400000
GLOBAL_CLOCK 6 0 1048576 5893660.500000
GLOBAL_CLOCK 6 0.2 1048576 5875290.833333
GLOBAL_CLOCK 6 0.4 1048576 5843339.133333
GLOBAL_CLOCK 6 0.6 1048576 6169730.500000
GLOBAL_CLOCK 6 0.8 1048576 5814573.033333
GLOBAL_CLOCK 6 1.0 1048576 5969643.966667
GLOBAL_CLOCK 8 0 1024 5426527.833333
GLOBAL_CLOCK 8 0.2 1024 5432125.733333
GLOBAL_CLOCK 8 0.4 1024 5710714.933333
GLOBAL_CLOCK 8 0.6 1024 5880849.566667
GLOBAL_CLOCK 8 0.8 1024 7007574.700000
GLOBAL_CLOCK 8 1.0 1024 6171956.700000
GLOBAL_CLOCK 8 0 1048576 6851280.633333
GLOBAL_CLOCK 8 0.2 1048576 6376998.833333
GLOBAL_CLOCK 8 0.4 1048576 6031647.745075
GLOBAL_CLOCK 8 0.6 1048576 6172041.233333
GLOBAL_CLOCK 8 0.8 1048576 5949568.200000
GLOBAL_CLOCK 8 1.0 1048576 6919895.833333
GLOBAL_CLOCK 10 0 1024 5559542.700000
GLOBAL_CLOCK 10 0.2 1024 5745359.766667
GLOBAL_CLOCK 10 0.4 1024 5743812.839572
GLOBAL_CLOCK 10 0.6 1024 5899561.300000
GLOBAL_CLOCK 10 0.8 1024 6045133.933333
GLOBAL_CLOCK 10 1.0 1024 6460495.766667
GLOBAL_CLOCK 10 0 1048576 6715782.033333
GLOBAL_CLOCK 10 0.2 1048576 7074846.266667
GLOBAL_CLOCK 10 0.4 1048576 6365853.500000
GLOBAL_CLOCK 10 0.6 1048576 6781791.500000
GLOBAL_CLOCK 10 0.8 1048576 6862531.800000
GLOBAL_CLOCK 10 1.0 1048576 6106749.366667
GLOBAL_CLOCK 12 0 1024 5955890.500000
GLOBAL_CLOCK 12 0.2 1024 5838496.666667
GLOBAL_CLOCK 12 0.4 1024 5709545.200000
GLOBAL_CLOCK 12 0.6 1024 5849326.333333
GLOBAL_CLOCK 12 0.8 1024 6198353.133333
GLOBAL_CLOCK 12 1.0 1024 7127175.100000
GLOBAL_CLOCK 12 0 1048576 6384462.433333
GLOBAL_CLOCK 12 0.2 1048576 6570926.933333
GLOBAL_CLOCK 12 0.4 1048576 6737025.233333
GLOBAL_CLOCK 12 0.6 1048576 6256727.000000
GLOBAL_CLOCK 12 0.8 1048576 7471872.333333
GLOBAL_CLOCK 12 1.0 1048576 7152385.000000
GLOBAL_CLOCK 14 0 1024 5705965.367821
GLOBAL_CLOCK 14 0.2 1024 5747477.933333
GLOBAL_CLOCK 14 0.4 1024 5701526.933333
GLOBAL_CLOCK 14 0.6 1024 6110856.466667
GLOBAL_CLOCK 14 0.8 1024 6510475.466667
GLOBAL_CLOCK 14 1.0 1024 6799370.466667
GLOBAL_CLOCK 14 0 1048576 6797859.033333
GLOBAL_CLOCK 14 0.2 1048576 6882824.033333
GLOBAL_CLOCK 14 0.4 1048576 6233581.900000
GLOBAL_CLOCK 14 0.6 1048576 6745742.700000
GLOBAL_CLOCK 14 0.8 1048576 6988069.166667
GLOBAL_CLOCK 14 1.0 1048576 6706673.800000
GLOBAL_CLOCK 16 0 1024 5625139.533333
GLOBAL_CLOCK 16 0.2 1024 5712311.166667
GLOBAL_CLOCK 16 0.4 1024 6002646.000000
GLOBAL_CLOCK 16 0.6 1024 6307488.266667
GLOBAL_CLOCK 16 0.8 1024 6418102.600000
GLOBAL_CLOCK 16 1.0 1024 6863883.633333
GLOBAL_CLOCK 16 0 1048576 7000990.933333
GLOBAL_CLOCK 16 0.2 1048576 6336926.002467
GLOBAL_CLOCK 16 0.4 1048576 6992346.833333
GLOBAL_CLOCK 16 0.6 1048576 6564045.198493
GLOBAL_CLOCK 16 0.8 1048576 6753137.000000
GLOBAL_CLOCK 16 1.0 1048576 6842135.566667
GLOBAL_CLOCK 18 0 1024 5911628.000000
GLOBAL_CLOCK 18 0.2 1024 6134559.966667
GLOBAL_CLOCK 18 0.4 1024 6162379.200000
GLOBAL_CLOCK 18 0.6 1024 5931170.600000
GLOBAL_CLOCK 18 0.8 1024 6702756.266667
GLOBAL_CLOCK 18 1.0 1024 6778821.000000
GLOBAL_CLOCK 18 0 1048576 6959113.566667
GLOBAL_CLOCK 18 0.2 1048576 6888705.633333
GLOBAL_CLOCK 18 0.4 1048576 6711830.100000
GLOBAL_CLOCK 18 0.6 1048576 6838067.366667
GLOBAL_CLOCK 18 0.8 1048576 7074664.133333
GLOBAL_CLOCK 18 1.0 1048576 6917491.350288
GLOBAL_CLOCK 20 0 1024 5667472.200000
GLOBAL_CLOCK 20 0.2 1024 6207794.000000
GLOBAL_CLOCK 20 0.4 1024 6117255.433333
GLOBAL_CLOCK 20 0.6 1024 6524071.800000
GLOBAL_CLOCK 20 0.8 1024 6962008.333056
GLOBAL_CLOCK 20 1.0 1024 7205582.333333
GLOBAL_CLOCK 20 0 1048576 7451374.833333
GLOBAL_CLOCK 20 0.2 1048576 7235197.333333
GLOBAL_CLOCK 20 0.4 1048576 7375911.500000
GLOBAL_CLOCK 20 0.6 1048576 7461091.800000
GLOBAL_CLOCK 20 0.8 1048576 7470043.400000
GLOBAL_CLOCK 20 1.0 1048576 7364639.366667
GLOBAL_CLOCK 22 0 1024 6203598.266667
GLOBAL_CLOCK 22 0.2 1024 6393952.234926
GLOBAL_CLOCK 22 0.4 1024 6558527.366667
GLOBAL_CLOCK 22 0.6 1024 6880844.366667
GLOBAL_CLOCK 22 0.8 1024 7077018.966667
GLOBAL_CLOCK 22 1.0 1024 7732529.300000
GLOBAL_CLOCK 22 0 1048576 7853146.266667
GLOBAL_CLOCK 22 0.2 1048576 7931741.033333
GLOBAL_CLOCK 22 0.4 1048576 8018341.733333
GLOBAL_CLOCK 22 0.6 1048576 8038258.600000
GLOBAL_CLOCK 22 0.8 1048576 8010222.766667
GLOBAL_CLOCK 22 1.0 1048576 7812385.633333
GLOBAL_CLOCK 24 0 1024 6180102.300000
GLOBAL_CLOCK 24 0.2 1024 6580795.633333
GLOBAL_CLOCK 24 0.4 1024 6489132.333333
GLOBAL_CLOCK 24 0.6 1024 7036110.166667
GLOBAL_CLOCK 24 0.8 1024 7390628.800000
GLOBAL_CLOCK 24 1.0 1024 8111552.266667
GLOBAL_CLOCK 24 0 1048576 8249327.133333
GLOBAL_CLOCK 24 0.2 1048576 8353755.433333
GLOBAL_CLOCK 24 0.4 1048576 8285656.000000
GLOBAL_CLOCK 24 0.6 1048576 8516492.066667
GLOBAL_CLOCK 24 0.8 1048576 8530056.800000
GLOBAL_CLOCK 24 1.0 1048576 8283683.833333
GLOBAL_CLOCK 26 0 1024 6441676.000000
GLOBAL_CLOCK 26 0.2 1024 6733129.633333
GLOBAL_CLOCK 26 0.4 1024 6921284.600000
GLOBAL_CLOCK 26 0.6 1024 7051191.566667
GLOBAL_CLOCK 26 0.8 1024 7480718.933333
GLOBAL_CLOCK 26 1.0 1024 8531544.800000
GLOBAL_CLOCK 26 0 1048576 8751880.900000
GLOBAL_CLOCK 26 0.2 1048576 8792023.833333
GLOBAL_CLOCK 26 0.4 1048576 8909212.633333
GLOBAL_CLOCK 26 0.6 1048576 8784296.066667
GLOBAL_CLOCK 26 0.8 1048576 8982993.266667
GLOBAL_CLOCK 26 1.0 1048576 8612638.600000
GLOBAL_CLOCK 28 0 1024 6810101.696610
GLOBAL_CLOCK 28 0.2 1024 6853970.833333
GLOBAL_CLOCK 28 0.4 1024 7081441.333333
GLOBAL_CLOCK 28 0.6 1024 7419108.233333
GLOBAL_CLOCK 28 0.8 1024 7968889.966667
GLOBAL_CLOCK 28 1.0 1024 8912700.266667
GLOBAL_CLOCK 28 0 1048576 9033949.101697
GLOBAL_CLOCK 28 0.2 1048576 9505558.800000
GLOBAL_CLOCK 28 0.4 1048576 9288812.066667
GLOBAL_CLOCK 28 0.6 1048576 9378126.700000
GLOBAL_CLOCK 28 0.8 1048576 9728819.833333
GLOBAL_CLOCK 28 1.0 1048576 9113094.966667
GLOBAL_CLOCK 30 0 1024 6833177.900000
GLOBAL_CLOCK 30 0.2 1024 7031835.200000
GLOBAL_CLOCK 30 0.4 1024 7120525.400000
GLOBAL_CLOCK 30 0.6 1024 7680209.733333
GLOBAL_CLOCK 30 0.8 1024 8172895.866667
GLOBAL_CLOCK 30 1.0 1024 9134391.833333
GLOBAL_CLOCK 30 0 1048576 9393400.286657
GLOBAL_CLOCK 30 0.2 1048576 9557477.384087
GLOBAL_CLOCK 30 0.4 1048576 9706739.833333
GLOBAL_CLOCK 30 0.6 1048576 9766774.066667
GLOBAL_CLOCK 30 0.8 1048576 10036343.866667
GLOBAL_CLOCK 30 1.0 1048576 9769504.300000
GLOBAL_CLOCK 32 0 1024 7211463.100000
GLOBAL_CLOCK 32 0.2 1024 7160830.600000
GLOBAL_CLOCK 32 0.4 1024 7243064.966667
GLOBAL_CLOCK 32 0.6 1024 7665957.000000
GLOBAL_CLOCK 32 0.8 1024 8308973.766667
GLOBAL_CLOCK 32 1.0 1024 9301964.433333
GLOBAL_CLOCK 32 0 1048576 9835976.900000
GLOBAL_CLOCK 32 0.2 1048576 9951333.933333
GLOBAL_CLOCK 32 0.4 1048576 10057238.800000
GLOBAL_CLOCK 32 0.6 1048576 10379900.333333
GLOBAL_CLOCK 32 0.8 1048576 10878081.233333
GLOBAL_CLOCK 32 1.0 1048576 9721692.100000
THREAD_CLOCK 2 0 1024 6051596.700000
THREAD_CLOCK 2 0.2 1024 9949722.266667
THREAD_CLOCK 2 0.4 1024 6187068.133333
THREAD_CLOCK 2 0.6 1024 10494227.766667
THREAD_CLOCK 2 0.8 1024 11358864.833333
THREAD_CLOCK 2 1.0 1024 13817011.199627
THREAD_CLOCK 2 0 1048576 11539584.966667
THREAD_CLOCK 2 0.2 1048576 7476967.900000
THREAD_CLOCK 2 0.4 1048576 7552524.400000
THREAD_CLOCK 2 0.6 1048576 10751321.633333
THREAD_CLOCK 2 0.8 1048576 10897578.966667
THREAD_CLOCK 2 1.0 1048576 12882454.766667
THREAD_CLOCK 4 0 1024 9124713.576214
THREAD_CLOCK 4 0.2 1024 9269019.533333
THREAD_CLOCK 4 0.4 1024 9796243.366667
THREAD_CLOCK 4 0.6 1024 11122788.133333
THREAD_CLOCK 4 0.8 1024 13635380.600000
THREAD_CLOCK 4 1.0 1024 23981337.466667
THREAD_CLOCK 4 0 1048576 15136661.666667
THREAD_CLOCK 4 0.2 1048576 15255609.766667
THREAD_CLOCK 4 0.4 1048576 14765303.933333
THREAD_CLOCK 4 0.6 1048576 15935903.933333
THREAD_CLOCK 4 0.8 1048576 18802263.200000
THREAD_CLOCK 4 1.0 1048576 26051956.233333
THREAD_CLOCK 6 0 1024 10613654.200000
THREAD_CLOCK 6 0.2 1024 10264529.082364
THREAD_CLOCK 6 0.4 1024 11790921.166667
THREAD_CLOCK 6 0.6 1024 13050525.200000
THREAD_CLOCK 6 0.8 1024 17237962.833333
THREAD_CLOCK 6 1.0 1024 33646924.500000
THREAD_CLOCK 6 0 1048576 22166172.227592
THREAD_CLOCK 6 0.2 1048576 21281317.600000
THREAD_CLOCK 6 0.4 1048576 20225091.433333
THREAD_CLOCK 6 0.6 1048576 24486852.738242
THREAD_CLOCK 6 0.8 1048576 28143086.466667
THREAD_CLOCK 6 1.0 1048576 34084936.200000
THREAD_CLOCK 8 0 1024 12670223.900000
THREAD_CLOCK 8 0.2 1024 11482857.133333
THREAD_CLOCK 8 0.4 1024 13096392.133333
THREAD_CLOCK 8 0.6 1024 15410084.133333
THREAD_CLOCK 8 0.8 1024 20408760.800000
THREAD_CLOCK 8 1.0 1024 57312809.533333
THREAD_CLOCK 8 0 1048576 27427938.133333
THREAD_CLOCK 8 0.2 1048576 28204053.466667
THREAD_CLOCK 8 0.4 1048576 28875975.966667
THREAD_CLOCK 8 0.6 1048576 31350483.850538
THREAD_CLOCK 8 0.8 1048576 37014690.066667
THREAD_CLOCK 8 1.0 1048576 52518087.866667
THREAD_CLOCK 10 0 1024 13668612.379587
THREAD_CLOCK 10 0.2 1024 14071811.900000
THREAD_CLOCK 10 0.4 1024 14311764.866667
THREAD_CLOCK 10 0.6 1024 16238987.233333
THREAD_CLOCK 10 0.8 1024 26269020.733333
THREAD_CLOCK 10 1.0 1024 52605542.133333
THREAD_CLOCK 10 0 1048576 35923120.695977
THREAD_CLOCK 10 0.2 1048576 35023733.933333
THREAD_CLOCK 10 0.4 1048576 37622731.233333
THREAD_CLOCK 10 0.6 1048576 34900627.000000
THREAD_CLOCK 10 0.8 1048576 46255577.066667
THREAD_CLOCK 10 1.0 1048576 65557179.994000
THREAD_CLOCK 12 0 1024 15344401.966667
THREAD_CLOCK 12 0.2 1024 14441052.700000
THREAD_CLOCK 12 0.4 1024 16360818.800000
THREAD_CLOCK 12 0.6 1024 18183217.133333
THREAD_CLOCK 12 0.8 1024 26954481.650612
THREAD_CLOCK 12 1.0 1024 56788679.844005
THREAD_CLOCK 12 0 1048576 38950325.166667
THREAD_CLOCK 12 0.2 1048576 39579493.166667
THREAD_CLOCK 12 0.4 1048576 38486112.900000
THREAD_CLOCK 12 0.6 1048576 40469480.500000
THREAD_CLOCK 12 0.8 1048576 50576106.866667
THREAD_CLOCK 12 1.0 1048576 78943510.616313
THREAD_CLOCK 14 0 1024 14985408.800000
THREAD_CLOCK 14 0.2 1024 17152486.000000
THREAD_CLOCK 14 0.4 1024 18196423.833333
THREAD_CLOCK 14 0.6 1024 21957865.004500
THREAD_CLOCK 14 0.8 1024 25624770.233333
THREAD_CLOCK 14 1.0 1024 60274303.033333
THREAD_CLOCK 14 0 1048576 47823601.800000
THREAD_CLOCK 14 0.2 1048576 44811352.233333
THREAD_CLOCK 14 0.4 1048576 45241852.938235
THREAD_CLOCK 14 0.6 1048576 53330403.233333
THREAD_CLOCK 14 0.8 1048576 58372431.133333
THREAD_CLOCK 14 1.0 1048576 91629351.333333
THREAD_CLOCK 16 0 1024 16166010.766667
THREAD_CLOCK 16 0.2 1024 17354969.766667
THREAD_CLOCK 16 0.4 1024 19294144.233333
THREAD_CLOCK 16 0.6 1024 23721792.900000
THREAD_CLOCK 16 0.8 1024 26814411.033333
THREAD_CLOCK 16 1.0 1024 65622365.366667
THREAD_CLOCK 16 0 1048576 52902303.000000
THREAD_CLOCK 16 0.2 1048576 50777712.033333
THREAD_CLOCK 16 0.4 1048576 49618216.633333
THREAD_CLOCK 16 0.6 1048576 57896168.800000
THREAD_CLOCK 16 0.8 1048576 72877328.722376
THREAD_CLOCK 16 1.0 1048576 104756112.433333
THREAD_CLOCK 18 0 1024 16503039.000000
THREAD_CLOCK 18 0.2 1024 17827009.966667
THREAD_CLOCK 18 0.4 1024 20226698.166667
THREAD_CLOCK 18 0.6 1024 22862864.233333
THREAD_CLOCK 18 0.8 1024 30823726.166667
THREAD_CLOCK 18 1.0 1024 62689565.000000
THREAD_CLOCK 18 0 1048576 52498291.533333
THREAD_CLOCK 18 0.2 1048576 50749386.566667
THREAD_CLOCK 18 0.4 1048576 55604594.400000
THREAD_CLOCK 18 0.6 1048576 61497581.900000
THREAD_CLOCK 18 0.8 1048576 70873676.533333
THREAD_CLOCK 18 1.0 1048576 108341066.833333
THREAD_CLOCK 20 0 1024 16778303.366667
THREAD_CLOCK 20 0.2 1024 16083601.666667
THREAD_CLOCK 20 0.4 1024 19644275.433333
THREAD_CLOCK 20 0.6 1024 22610908.266667
THREAD_CLOCK 20 0.8 1024 31886953.033333
THREAD_CLOCK 20 1.0 1024 65801570.066667
THREAD_CLOCK 20 0 1048576 56739549.400000
THREAD_CLOCK 20 0.2 1048576 55904049.266667
THREAD_CLOCK 20 0.4 1048576 59369242.166667
THREAD_CLOCK 20 0.6 1048576 65438245.866667
THREAD_CLOCK 20 0.8 1048576 79257538.300000
THREAD_CLOCK 20 1.0 1048576 110299286.666667
THREAD_CLOCK 22 0 1024 17465750.933333
THREAD_CLOCK 22 0.2 1024 18160249.566667
THREAD_CLOCK 22 0.4 1024 20447373.800000
THREAD_CLOCK 22 0.6 1024 24548642.833333
THREAD_CLOCK 22 0.8 1024 34914102.500000
THREAD_CLOCK 22 1.0 1024 73468531.515616
THREAD_CLOCK 22 0 1048576 58594675.733333
THREAD_CLOCK 22 0.2 1048576 58541090.566667
THREAD_CLOCK 22 0.4 1048576 62097808.166667
THREAD_CLOCK 22 0.6 1048576 68731247.633333
THREAD_CLOCK 22 0.8 1048576 82659909.133333
THREAD_CLOCK 22 1.0 1048576 113883361.300000
THREAD_CLOCK 24 0 1024 16564317.622746
THREAD_CLOCK 24 0.2 1024 16987404.500000
THREAD_CLOCK 24 0.4 1024 20344700.600000
THREAD_CLOCK 24 0.6 1024 20961655.233333
THREAD_CLOCK 24 0.8 1024 33643048.033333
THREAD_CLOCK 24 1.0 1024 66435771.700000
THREAD_CLOCK 24 0 1048576 61237498.700000
THREAD_CLOCK 24 0.2 1048576 60003694.666667
THREAD_CLOCK 24 0.4 1048576 63911265.266667
THREAD_CLOCK 24 0.6 1048576 71564945.066667
THREAD_CLOCK 24 0.8 1048576 86048734.833333
THREAD_CLOCK 24 1.0 1048576 116918013.800000
THREAD_CLOCK 26 0 1024 16238980.000000
THREAD_CLOCK 26 0.2 1024 17061023.565881
THREAD_CLOCK 26 0.4 1024 19378822.700000
THREAD_CLOCK 26 0.6 1024 23608890.733333
THREAD_CLOCK 26 0.8 1024 35219839.400000
THREAD_CLOCK 26 1.0 1024 62326877.633333
THREAD_CLOCK 26 0 1048576 63956593.866667
THREAD_CLOCK 26 0.2 1048576 62709757.674744
THREAD_CLOCK 26 0.4 1048576 66123296.200000
THREAD_CLOCK 26 0.6 1048576 74246460.166667
THREAD_CLOCK 26 0.8 1048576 89427913.666667
THREAD_CLOCK 26 1.0 1048576 119889344.200000
THREAD_CLOCK 28 0 1024 15814753.666667
THREAD_CLOCK 28 0.2 1024 14434534.400000
THREAD_CLOCK 28 0.4 1024 16612984.800000
THREAD_CLOCK 28 0.6 1024 22359015.766667
THREAD_CLOCK 28 0.8 1024 29749009.333333
THREAD_CLOCK 28 1.0 1024 65606104.533333
THREAD_CLOCK 28 0 1048576 72604793.033333
THREAD_CLOCK 28 0.2 1048576 64812112.000000
THREAD_CLOCK 28 0.4 1048576 68794995.233333
THREAD_CLOCK 28 0.6 1048576 76873575.933333
THREAD_CLOCK 28 0.8 1048576 92559295.700000
THREAD_CLOCK 28 1.0 1048576 122389084.300000
THREAD_CLOCK 30 0 1024 17869797.300000
THREAD_CLOCK 30 0.2 1024 18028494.600000
THREAD_CLOCK 30 0.4 1024 17834498.100000
THREAD_CLOCK 30 0.6 1024 25288230.933333
THREAD_CLOCK 30 0.8 1024 36546475.666667
THREAD_CLOCK 30 1.0 1024 71469178.633333
THREAD_CLOCK 30 0 1048576 76094085.966667
THREAD_CLOCK 30 0.2 1048576 73564628.066667
THREAD_CLOCK 30 0.4 1048576 70150735.700000
THREAD_CLOCK 30 0.6 1048576 79039363.466667
THREAD_CLOCK 30 0.8 1048576 96035196.900000
THREAD_CLOCK 30 1.0 1048576 125594069.866667
THREAD_CLOCK 32 0 1024 17085823.366667
THREAD_CLOCK 32 0.2 1024 19106648.600000
THREAD_CLOCK 32 0.4 1024 20027843.733333
THREAD_CLOCK 32 0.6 1024 25486347.266667
THREAD_CLOCK 32 0.8 1024 29599433.300000
THREAD_CLOCK 32 1.0 1024 70821429.933333
THREAD_CLOCK 32 0 1048576 79752257.233333
THREAD_CLOCK 32 0.2 1048576 77258677.633333
THREAD_CLOCK 32 0.4 1048576 72177087.633333
THREAD_CLOCK 32 0.6 1048576 82336557.866667
THREAD_CLOCK 32 0.8 1048576 100125814.433333
THREAD_CLOCK 32 1.0 1048576 128280231.333333
