GLOBAL_CLOCK 2 0 1024 3861109.033333
GLOBAL_CLOCK 2 0.2 1024 3984150.800000
GLOBAL_CLOCK 2 0.4 1024 4513627.733333
GLOBAL_CLOCK 2 0.6 1024 4920911.736275
GLOBAL_CLOCK 2 0.8 1024 4690476.600000
GLOBAL_CLOCK 2 1.0 1024 5718815.466667
GLOBAL_CLOCK 2 0 1048576 4720896.370121
GLOBAL_CLOCK 2 0.2 1048576 4491730.866667
GLOBAL_CLOCK 2 0.4 1048576 4828858.566667
GLOBAL_CLOCK 2 0.6 1048576 4879538.166667
GLOBAL_CLOCK 2 0.8 1048576 5134327.455751
GLOBAL_CLOCK 2 1.0 1048576 6972954.866667
GLOBAL_CLOCK 4 0 1024 5587699.010033
GLOBAL_CLOCK 4 0.2 1024 5144382.966667
GLOBAL_CLOCK 4 0.4 1024 5535136.700000
GLOBAL_CLOCK 4 0.6 1024 6052733.833333
GLOBAL_CLOCK 4 0.8 1024 6241790.740309
GLOBAL_CLOCK 4 1.0 1024 6867314.800000
GLOBAL_CLOCK 4 0 1048576 6415396.686777
GLOBAL_CLOCK 4 0.2 1048576 6377732.866667
GLOBAL_CLOCK 4 0.4 1048576 6224295.800000
GLOBAL_CLOCK 4 0.6 1048576 6431917.800000
GLOBAL_CLOCK 4 0.8 1048576 6650068.866667
GLOBAL_CLOCK 4 1.0 1048576 6910993.900000
GLOBAL_CLOCK 6 0 1024 6600293.700000
GLOBAL_CLOCK 6 0.2 1024 6706785.733333
GLOBAL_CLOCK 6 0.4 1024 6194222.466667
GLOBAL_CLOCK 6 0.6 1024 7268092.600000
GLOBAL_CLOCK 6 0.8 1024 7422751.008300
GLOBAL_CLOCK 6 1.0 1024 8636399.833333
GLOBAL_CLOCK 6 0 1048576 7458100.966667
GLOBAL_CLOCK 6 0.2 1048576 7733540.033333
GLOBAL_CLOCK 6 0.4 1048576 7604008.066398
GLOBAL_CLOCK 6 0.6 1048576 7701018.732709
GLOBAL_CLOCK 6 0.8 1048576 8206212.666667
GLOBAL_CLOCK 6 1.0 1048576 7982811.239625
GLOBAL_CLOCK 8 0 1024 7925738.475384
GLOBAL_CLOCK 8 0.2 1024 7724691.033333
GLOBAL_CLOCK 8 0.4 1024 7570672.200000
GLOBAL_CLOCK 8 0.6 1024 7736665.366667
GLOBAL_CLOCK 8 0.8 1024 8061455.000000
GLOBAL_CLOCK 8 1.0 1024 9558238.400000
GLOBAL_CLOCK 8 0 1048576 8771213.733333
GLOBAL_CLOCK 8 0.2 1048576 8602687.566667
GLOBAL_CLOCK 8 0.4 1048576 8400606.533333
GLOBAL_CLOCK 8 0.6 1048576 8324334.166667
GLOBAL_CLOCK 8 0.8 1048576 8606495.733333
GLOBAL_CLOCK 8 1.0 1048576 8742674.333333
GLOBAL_CLOCK 10 0 1024 7999571.866667
GLOBAL_CLOCK 10 0.2 1024 8795292.233333
GLOBAL_CLOCK 10 0.4 1024 7597996.600000
GLOBAL_CLOCK 10 0.6 1024 8065985.033832
GLOBAL_CLOCK 10 0.8 1024 7886466.217793
GLOBAL_CLOCK 10 1.0 1024 10078511.500000
GLOBAL_CLOCK 10 0 1048576 9338145.233333
GLOBAL_CLOCK 10 0.2 1048576 9642942.801907
GLOBAL_CLOCK 10 0.4 1048576 8924317.966667
GLOBAL_CLOCK 10 0.6 1048576 9219908.666667
GLOBAL_CLOCK 10 0.8 1048576 9238463.833333
GLOBAL_CLOCK 10 1.0 1048576 8812715.876137
GLOBAL_CLOCK 12 0 1024 8543618.900000
GLOBAL_CLOCK 12 0.2 1024 7691588.966667
GLOBAL_CLOCK 12 0.4 1024 8913751.100000
GLOBAL_CLOCK 12 0.6 1024 8808409.233333
GLOBAL_CLOCK 12 0.8 1024 8346439.133333
GLOBAL_CLOCK 12 1.0 1024 9981669.633333
GLOBAL_CLOCK 12 0 1048576 8830452.000000
GLOBAL_CLOCK 12 0.2 1048576 9054616.966667
GLOBAL_CLOCK 12 0.4 1048576 9192668.466667
GLOBAL_CLOCK 12 0.6 1048576 8767961.166667
GLOBAL_CLOCK 12 0.8 1048576 9840600.900000
GLOBAL_CLOCK 12 1.0 1048576 9415157.333333
GLOBAL_CLOCK 14 0 1024 8867128.595713
GLOBAL_CLOCK 14 0.2 1024 8236556.566667
GLOBAL_CLOCK 14 0.4 1024 8346425.666667
GLOBAL_CLOCK 14 0.6 1024 8351826.466667
GLOBAL_CLOCK 14 0.8 1024 9463688.866667
GLOBAL_CLOCK 14 1.0 1024 10534743.533333
GLOBAL_CLOCK 14 0 1048576 9609260.366667
GLOBAL_CLOCK 14 0.2 1048576 9471408.500000
GLOBAL_CLOCK 14 0.4 1048576 9317807.833333
GLOBAL_CLOCK 14 0.6 1048576 9495617.966667
GLOBAL_CLOCK 14 0.8 1048576 9465627.500000
GLOBAL_CLOCK 14 1.0 1048576 9293306.366667
GLOBAL_CLOCK 16 0 1024 9012392.333333
GLOBAL_CLOCK 16 0.2 1024 9006188.200000
GLOBAL_CLOCK 16 0.4 1024 8898743.266667
GLOBAL_CLOCK 16 0.6 1024 8452751.733333
GLOBAL_CLOCK 16 0.8 1024 9416138.333333
GLOBAL_CLOCK 16 1.0 1024 9929498.933333
GLOBAL_CLOCK 16 0 1048576 9824038.333333
GLOBAL_CLOCK 16 0.2 1048576 9600837.166667
GLOBAL_CLOCK 16 0.4 1048576 9490963.433333
GLOBAL_CLOCK 16 0.6 1048576 9720656.966667
GLOBAL_CLOCK 16 0.8 1048576 9590165.133333
GLOBAL_CLOCK 16 1.0 1048576 9507798.766667
GLOBAL_CLOCK 18 0 1024 8879676.700000
GLOBAL_CLOCK 18 0.2 1024 9130581.000000
GLOBAL_CLOCK 18 0.4 1024 9588322.733333
GLOBAL_CLOCK 18 0.6 1024 9471101.500000
GLOBAL_CLOCK 18 0.8 1024 9564376.033333
GLOBAL_CLOCK 18 1.0 1024 10958925.400000
GLOBAL_CLOCK 18 0 1048576 10149636.966667
GLOBAL_CLOCK 18 0.2 1048576 10361999.166667
GLOBAL_CLOCK 18 0.4 1048576 9500189.066667
GLOBAL_CLOCK 18 0.6 1048576 10584634.233333
GLOBAL_CLOCK 18 0.8 1048576 10329261.757941
GLOBAL_CLOCK 18 1.0 1048576 11050578.466667
GLOBAL_CLOCK 20 0 1024 9329980.666667
GLOBAL_CLOCK 20 0.2 1024 9153168.600000
GLOBAL_CLOCK 20 0.4 1024 9440541.833333
GLOBAL_CLOCK 20 0.6 1024 9937637.966667
GLOBAL_CLOCK 20 0.8 1024 10006029.866667
GLOBAL_CLOCK 20 1.0 1024 11163271.500000
GLOBAL_CLOCK 20 0 1048576 10856559.733333
GLOBAL_CLOCK 20 0.2 1048576 10581348.333333
GLOBAL_CLOCK 20 0.4 1048576 10720455.584814
GLOBAL_CLOCK 20 0.6 1048576 11245694.766667
GLOBAL_CLOCK 20 0.8 1048576 11046013.166667
GLOBAL_CLOCK 20 1.0 1048576 11735580.533333
GLOBAL_CLOCK 22 0 1024 9722178.833333
GLOBAL_CLOCK 22 0.2 1024 9488689.733333
GLOBAL_CLOCK 22 0.4 1024 10317302.133333
GLOBAL_CLOCK 22 0.6 1024 10524483.533333
GLOBAL_CLOCK 22 0.8 1024 10344894.700000
GLOBAL_CLOCK 22 1.0 1024 11433039.566667
GLOBAL_CLOCK 22 0 1048576 11031297.033333
GLOBAL_CLOCK 22 0.2 1048576 11627780.566667
GLOBAL_CLOCK 22 0.4 1048576 11830996.766667
GLOBAL_CLOCK 22 0.6 1048576 11059650.266667
GLOBAL_CLOCK 22 0.8 1048576 12129770.233333
GLOBAL_CLOCK 22 1.0 1048576 12444288.300000
GLOBAL_CLOCK 24 0 1024 10634030.366667
GLOBAL_CLOCK 24 0.2 1024 10152846.166667
GLOBAL_CLOCK 24 0.4 1024 10308842.966667
GLOBAL_CLOCK 24 0.6 1024 11194207.400000
GLOBAL_CLOCK 24 0.8 1024 11470265.933333
GLOBAL_CLOCK 24 1.0 1024 12726747.033333
GLOBAL_CLOCK 24 0 1048576 12420246.866667
GLOBAL_CLOCK 24 0.2 1048576 12232279.800000
GLOBAL_CLOCK 24 0.4 1048576 11259425.533333
GLOBAL_CLOCK 24 0.6 1048576 12209742.166667
GLOBAL_CLOCK 24 0.8 1048576 12738700.066667
GLOBAL_CLOCK 24 1.0 1048576 12862058.166667
GLOBAL_CLOCK 26 0 1024 10761338.933333
GLOBAL_CLOCK 26 0.2 1024 10330176.666667
GLOBAL_CLOCK 26 0.4 1024 10987275.066667
GLOBAL_CLOCK 26 0.6 1024 11579051.033333
GLOBAL_CLOCK 26 0.8 1024 11942707.866667
GLOBAL_CLOCK 26 1.0 1024 12451690.800000
GLOBAL_CLOCK 26 0 1048576 12996163.166667
GLOBAL_CLOCK 26 0.2 1048576 12335558.066667
GLOBAL_CLOCK 26 0.4 1048576 12606117.833333
GLOBAL_CLOCK 26 0.6 1048576 12043190.166667
GLOBAL_CLOCK 26 0.8 1048576 12322888.133333
GLOBAL_CLOCK 26 1.0 1048576 12805978.400000
GLOBAL_CLOCK 28 0 1024 11175309.333333
GLOBAL_CLOCK 28 0.2 1024 10528678.966667
GLOBAL_CLOCK 28 0.4 1024 11867277.800000
GLOBAL_CLOCK 28 0.6 1024 11680590.833333
GLOBAL_CLOCK 28 0.8 1024 11562740.533333
GLOBAL_CLOCK 28 1.0 1024 13504221.133333
GLOBAL_CLOCK 28 0 1048576 12626063.233333
GLOBAL_CLOCK 28 0.2 1048576 12610708.433333
GLOBAL_CLOCK 28 0.4 1048576 12434394.433333
GLOBAL_CLOCK 28 0.6 1048576 13124317.900000
GLOBAL_CLOCK 28 0.8 1048576 13676390.233333
GLOBAL_CLOCK 28 1.0 1048576 14987217.533333
GLOBAL_CLOCK 30 0 1024 11577285.633333
GLOBAL_CLOCK 30 0.2 1024 11398942.466667
GLOBAL_CLOCK 30 0.4 1024 11628308.333333
GLOBAL_CLOCK 30 0.6 1024 12894037.866667
GLOBAL_CLOCK 30 0.8 1024 12863447.266667
GLOBAL_CLOCK 30 1.0 1024 13436104.500000
GLOBAL_CLOCK 30 0 1048576 13193299.466667
GLOBAL_CLOCK 30 0.2 1048576 13706800.933333
GLOBAL_CLOCK 30 0.4 1048576 13175867.900000
GLOBAL_CLOCK 30 0.6 1048576 14570725.333333
GLOBAL_CLOCK 30 0.8 1048576 13518693.966667
GLOBAL_CLOCK 30 1.0 1048576 15627145.266667
GLOBAL_CLOCK 32 0 1024 11914386.266667
GLOBAL_CLOCK 32 0.2 1024 12029474.766667
GLOBAL_CLOCK 32 0.4 1024 12190765.866667
GLOBAL_CLOCK 32 0.6 1024 12324732.100000
GLOBAL_CLOCK 32 0.8 1024 12838229.066667
GLOBAL_CLOCK 32 1.0 1024 13812935.200000
GLOBAL_CLOCK 32 0 1048576 14317511.766667
GLOBAL_CLOCK 32 0.2 1048576 13543560.533333
GLOBAL_CLOCK 32 0.4 1048576 14367533.366667
GLOBAL_CLOCK 32 0.6 1048576 13859667.000000
GLOBAL_CLOCK 32 0.8 1048576 14086085.666667
GLOBAL_CLOCK 32 1.0 1048576 16189939.500000
NUMA_CLOCK 2 0 1024 8746676.944102
NUMA_CLOCK 2 0.2 1024 8449806.606446
NUMA_CLOCK 2 0.4 1024 8747154.900000
NUMA_CLOCK 2 0.6 1024 9311124.000000
NUMA_CLOCK 2 0.8 1024 10489281.833333
NUMA_CLOCK 2 1.0 1024 12877569.500000
NUMA_CLOCK 2 0 1048576 10647161.666667
NUMA_CLOCK 2 0.2 1048576 9244856.700000
NUMA_CLOCK 2 0.4 1048576 9579337.133333
NUMA_CLOCK 2 0.6 1048576 9367270.266667
NUMA_CLOCK 2 0.8 1048576 9672688.700000
NUMA_CLOCK 2 1.0 1048576 10986116.633333
NUMA_CLOCK 4 0 1024 14014604.600000
NUMA_CLOCK 4 0.2 1024 14193566.666667
NUMA_CLOCK 4 0.4 1024 13875289.100000
NUMA_CLOCK 4 0.6 1024 14238145.166667
NUMA_CLOCK 4 0.8 1024 14967512.766667
NUMA_CLOCK 4 1.0 1024 16887747.533333
NUMA_CLOCK 4 0 1048576 16147129.633333
NUMA_CLOCK 4 0.2 1048576 15847397.766667
NUMA_CLOCK 4 0.4 1048576 15790583.100000
NUMA_CLOCK 4 0.6 1048576 15817131.433333
NUMA_CLOCK 4 0.8 1048576 16186492.150262
NUMA_CLOCK 4 1.0 1048576 17238841.966667
NUMA_CLOCK 6 0 1024 17786478.733333
NUMA_CLOCK 6 0.2 1024 17090497.300000
NUMA_CLOCK 6 0.4 1024 17193002.366667
NUMA_CLOCK 6 0.6 1024 17690264.624513
NUMA_CLOCK 6 0.8 1024 17656828.133333
NUMA_CLOCK 6 1.0 1024 20547099.133333
NUMA_CLOCK 6 0 1048576 18895593.966667
NUMA_CLOCK 6 0.2 1048576 17798949.700000
NUMA_CLOCK 6 0.4 1048576 18684035.466667
NUMA_CLOCK 6 0.6 1048576 18426270.900000
NUMA_CLOCK 6 0.8 1048576 18749237.533333
NUMA_CLOCK 6 1.0 1048576 18813592.266667
NUMA_CLOCK 8 0 1024 18265826.572448
NUMA_CLOCK 8 0.2 1024 18275456.100000
NUMA_CLOCK 8 0.4 1024 18380500.133333
NUMA_CLOCK 8 0.6 1024 19396763.133333
NUMA_CLOCK 8 0.8 1024 18948698.300000
NUMA_CLOCK 8 1.0 1024 20798422.952568
NUMA_CLOCK 8 0 1048576 19493819.133333
NUMA_CLOCK 8 0.2 1048576 19832816.772774
NUMA_CLOCK 8 0.4 1048576 18359882.433333
NUMA_CLOCK 8 0.6 1048576 21482493.666667
NUMA_CLOCK 8 0.8 1048576 21314779.966667
NUMA_CLOCK 8 1.0 1048576 19399231.900000
NUMA_CLOCK 10 0 1024 19663127.733333
NUMA_CLOCK 10 0.2 1024 19043619.900000
NUMA_CLOCK 10 0.4 1024 19115963.900000
NUMA_CLOCK 10 0.6 1024 19529478.166667
NUMA_CLOCK 10 0.8 1024 19926578.366667
NUMA_CLOCK 10 1.0 1024 20712419.400000
NUMA_CLOCK 10 0 1048576 20318123.033333
NUMA_CLOCK 10 0.2 1048576 20042562.247925
NUMA_CLOCK 10 0.4 1048576 20165369.933333
NUMA_CLOCK 10 0.6 1048576 20077919.400000
NUMA_CLOCK 10 0.8 1048576 21006189.666667
NUMA_CLOCK 10 1.0 1048576 21095980.733333
NUMA_CLOCK 12 0 1024 20873224.633333
NUMA_CLOCK 12 0.2 1024 20904909.833333
NUMA_CLOCK 12 0.4 1024 21112714.300000
NUMA_CLOCK 12 0.6 1024 21304171.333333
NUMA_CLOCK 12 0.8 1024 21672519.700000
NUMA_CLOCK 12 1.0 1024 22963743.166667
NUMA_CLOCK 12 0 1048576 22488672.400000
NUMA_CLOCK 12 0.2 1048576 22245031.633333
NUMA_CLOCK 12 0.4 1048576 22285490.233333
NUMA_CLOCK 12 0.6 1048576 21438721.500000
NUMA_CLOCK 12 0.8 1048576 21811701.800000
NUMA_CLOCK 12 1.0 1048576 22772096.530116
NUMA_CLOCK 14 0 1024 22218379.433333
NUMA_CLOCK 14 0.2 1024 21644255.233333
NUMA_CLOCK 14 0.4 1024 22300186.000000
NUMA_CLOCK 14 0.6 1024 22708365.366667
NUMA_CLOCK 14 0.8 1024 22973075.200000
NUMA_CLOCK 14 1.0 1024 23016674.100000
NUMA_CLOCK 14 0 1048576 22695334.866667
NUMA_CLOCK 14 0.2 1048576 23713492.800000
NUMA_CLOCK 14 0.4 1048576 23066014.433333
NUMA_CLOCK 14 0.6 1048576 23180679.433333
NUMA_CLOCK 14 0.8 1048576 23167251.100000
NUMA_CLOCK 14 1.0 1048576 24853241.266667
NUMA_CLOCK 16 0 1024 22605011.433333
NUMA_CLOCK 16 0.2 1024 22762708.833333
NUMA_CLOCK 16 0.4 1024 23301271.900000
NUMA_CLOCK 16 0.6 1024 23941041.733333
NUMA_CLOCK 16 0.8 1024 23538751.566667
NUMA_CLOCK 16 1.0 1024 24111285.400000
NUMA_CLOCK 16 0 1048576 24339604.966667
NUMA_CLOCK 16 0.2 1048576 24885361.166667
NUMA_CLOCK 16 0.4 1048576 24787188.133333
NUMA_CLOCK 16 0.6 1048576 24954177.000000
NUMA_CLOCK 16 0.8 1048576 24995948.700000
NUMA_CLOCK 16 1.0 1048576 24981460.333333
NUMA_CLOCK 18 0 1024 24175798.700000
NUMA_CLOCK 18 0.2 1024 23511705.233333
NUMA_CLOCK 18 0.4 1024 25164114.033333
NUMA_CLOCK 18 0.6 1024 25552934.533333
NUMA_CLOCK 18 0.8 1024 28527386.766667
NUMA_CLOCK 18 1.0 1024 29969816.633333
NUMA_CLOCK 18 0 1048576 31338693.066667
NUMA_CLOCK 18 0.2 1048576 31880446.966667
NUMA_CLOCK 18 0.4 1048576 31095472.433333
NUMA_CLOCK 18 0.6 1048576 32554656.666667
NUMA_CLOCK 18 0.8 1048576 33053806.400000
NUMA_CLOCK 18 1.0 1048576 36829190.866667
NUMA_CLOCK 20 0 1024 23578772.633333
NUMA_CLOCK 20 0.2 1024 23798959.333333
NUMA_CLOCK 20 0.4 1024 25754988.566667
NUMA_CLOCK 20 0.6 1024 25641057.400000
NUMA_CLOCK 20 0.8 1024 31047933.566667
NUMA_CLOCK 20 1.0 1024 39497754.233333
NUMA_CLOCK 20 0 1048576 36317621.533333
NUMA_CLOCK 20 0.2 1048576 34566098.366667
NUMA_CLOCK 20 0.4 1048576 37107352.200000
NUMA_CLOCK 20 0.6 1048576 37802483.266667
NUMA_CLOCK 20 0.8 1048576 40540870.833333
NUMA_CLOCK 20 1.0 1048576 41797312.600000
NUMA_CLOCK 22 0 1024 23528487.066667
NUMA_CLOCK 22 0.2 1024 24458266.400000
NUMA_CLOCK 22 0.4 1024 26012173.000000
NUMA_CLOCK 22 0.6 1024 26666446.133333
NUMA_CLOCK 22 0.8 1024 31997130.233333
NUMA_CLOCK 22 1.0 1024 40477591.166667
NUMA_CLOCK 22 0 1048576 40889718.900000
NUMA_CLOCK 22 0.2 1048576 39408395.500000
NUMA_CLOCK 22 0.4 1048576 39473780.300000
NUMA_CLOCK 22 0.6 1048576 40071747.466667
NUMA_CLOCK 22 0.8 1048576 41939031.266667
NUMA_CLOCK 22 1.0 1048576 45578550.633333
NUMA_CLOCK 24 0 1024 23359139.400000
NUMA_CLOCK 24 0.2 1024 24211893.900000
NUMA_CLOCK 24 0.4 1024 26667277.500000
NUMA_CLOCK 24 0.6 1024 29505146.433333
NUMA_CLOCK 24 0.8 1024 33807110.600000
NUMA_CLOCK 24 1.0 1024 43704924.900000
NUMA_CLOCK 24 0 1048576 41031601.333333
NUMA_CLOCK 24 0.2 1048576 41302099.200000
NUMA_CLOCK 24 0.4 1048576 41890625.133333
NUMA_CLOCK 24 0.6 1048576 42585301.800000
NUMA_CLOCK 24 0.8 1048576 43699733.200000
NUMA_CLOCK 24 1.0 1048576 44912233.633333
NUMA_CLOCK 26 0 1024 23737470.866667
NUMA_CLOCK 26 0.2 1024 24941569.500000
NUMA_CLOCK 26 0.4 1024 26587612.800000
NUMA_CLOCK 26 0.6 1024 29187469.166667
NUMA_CLOCK 26 0.8 1024 34465901.200000
NUMA_CLOCK 26 1.0 1024 44180272.600000
NUMA_CLOCK 26 0 1048576 43182973.266667
NUMA_CLOCK 26 0.2 1048576 42610698.200000
NUMA_CLOCK 26 0.4 1048576 43303814.766667
NUMA_CLOCK 26 0.6 1048576 43455635.566667
NUMA_CLOCK 26 0.8 1048576 43951109.333333
NUMA_CLOCK 26 1.0 1048576 45942927.233333
NUMA_CLOCK 28 0 1024 24282367.800000
NUMA_CLOCK 28 0.2 1024 24312898.766667
NUMA_CLOCK 28 0.4 1024 27546396.466667
NUMA_CLOCK 28 0.6 1024 29867609.200000
NUMA_CLOCK 28 0.8 1024 35954236.000000
NUMA_CLOCK 28 1.0 1024 45960609.266667
NUMA_CLOCK 28 0 1048576 45090426.233333
NUMA_CLOCK 28 0.2 1048576 44056813.300000
NUMA_CLOCK 28 0.4 1048576 44836266.466667
NUMA_CLOCK 28 0.6 1048576 44210617.600000
NUMA_CLOCK 28 0.8 1048576 47265935.866667
NUMA_CLOCK 28 1.0 1048576 47601709.366667
NUMA_CLOCK 30 0 1024 24665526.666667
NUMA_CLOCK 30 0.2 1024 24909274.100000
NUMA_CLOCK 30 0.4 1024 27441138.333333
NUMA_CLOCK 30 0.6 1024 30842654.333333
NUMA_CLOCK 30 0.8 1024 37208468.133333
NUMA_CLOCK 30 1.0 1024 46961017.833333
NUMA_CLOCK 30 0 1048576 45548942.433333
NUMA_CLOCK 30 0.2 1048576 45411976.733333
NUMA_CLOCK 30 0.4 1048576 46104425.000000
NUMA_CLOCK 30 0.6 1048576 45575590.766667
NUMA_CLOCK 30 0.8 1048576 48136400.366667
NUMA_CLOCK 30 1.0 1048576 48478759.000000
NUMA_CLOCK 32 0 1024 23989824.233333
NUMA_CLOCK 32 0.2 1024 26075382.266667
NUMA_CLOCK 32 0.4 1024 28876367.266667
NUMA_CLOCK 32 0.6 1024 32502018.000000
NUMA_CLOCK 32 0.8 1024 37221188.133333
NUMA_CLOCK 32 1.0 1024 47256629.666667
NUMA_CLOCK 32 0 1048576 48289824.600000
NUMA_CLOCK 32 0.2 1048576 46453352.666667
NUMA_CLOCK 32 0.4 1048576 48077409.766667
NUMA_CLOCK 32 0.6 1048576 47827798.866667
NUMA_CLOCK 32 0.8 1048576 48597804.633333
NUMA_CLOCK 32 1.0 1048576 51549560.266667
THREAD_CLOCK 2 0 1024 5928720.166667
THREAD_CLOCK 2 0.2 1024 5898741.675277
THREAD_CLOCK 2 0.4 1024 6214120.929302
THREAD_CLOCK 2 0.6 1024 6728537.233333
THREAD_CLOCK 2 0.8 1024 7890663.866667
THREAD_CLOCK 2 1.0 1024 14714792.066667
THREAD_CLOCK 2 0 1048576 8633992.466918
THREAD_CLOCK 2 0.2 1048576 8173690.666667
THREAD_CLOCK 2 0.4 1048576 9495518.300000
THREAD_CLOCK 2 0.6 1048576 9015160.166667
THREAD_CLOCK 2 0.8 1048576 10640292.533333
THREAD_CLOCK 2 1.0 1048576 14071317.333333
THREAD_CLOCK 4 0 1024 10004538.800000
THREAD_CLOCK 4 0.2 1024 9073469.266667
THREAD_CLOCK 4 0.4 1024 9533603.966667
THREAD_CLOCK 4 0.6 1024 10933025.333333
THREAD_CLOCK 4 0.8 1024 13105115.766667
THREAD_CLOCK 4 1.0 1024 24860460.766667
THREAD_CLOCK 4 0 1048576 16895734.075531
THREAD_CLOCK 4 0.2 1048576 16101348.266667
THREAD_CLOCK 4 0.4 1048576 16326161.133333
THREAD_CLOCK 4 0.6 1048576 17653617.700000
THREAD_CLOCK 4 0.8 1048576 20865059.833333
THREAD_CLOCK 4 1.0 1048576 28875944.166667
THREAD_CLOCK 6 0 1024 11817765.400000
THREAD_CLOCK 6 0.2 1024 11637427.452418
THREAD_CLOCK 6 0.4 1024 13257226.566667
THREAD_CLOCK 6 0.6 1024 15546561.900000
THREAD_CLOCK 6 0.8 1024 18971351.933333
THREAD_CLOCK 6 1.0 1024 37827175.500000
THREAD_CLOCK 6 0 1048576 24804417.133333
THREAD_CLOCK 6 0.2 1048576 23135459.700000
THREAD_CLOCK 6 0.4 1048576 24410238.633333
THREAD_CLOCK 6 0.6 1048576 26392923.333333
THREAD_CLOCK 6 0.8 1048576 30706505.133333
THREAD_CLOCK 6 1.0 1048576 43502235.325489
THREAD_CLOCK 8 0 1024 14475464.017866
THREAD_CLOCK 8 0.2 1024 14772342.033333
THREAD_CLOCK 8 0.4 1024 16125571.133333
THREAD_CLOCK 8 0.6 1024 17699471.633333
THREAD_CLOCK 8 0.8 1024 21379611.546282
THREAD_CLOCK 8 1.0 1024 60437500.566667
THREAD_CLOCK 8 0 1048576 32581108.633333
THREAD_CLOCK 8 0.2 1048576 31168612.033333
THREAD_CLOCK 8 0.4 1048576 29019920.833333
THREAD_CLOCK 8 0.6 1048576 31707913.102897
THREAD_CLOCK 8 0.8 1048576 40313615.733333
THREAD_CLOCK 8 1.0 1048576 53095153.066667
THREAD_CLOCK 10 0 1024 16329449.966667
THREAD_CLOCK 10 0.2 1024 17097119.196027
THREAD_CLOCK 10 0.4 1024 18033094.100000
THREAD_CLOCK 10 0.6 1024 19538420.819306
THREAD_CLOCK 10 0.8 1024 24489352.266667
THREAD_CLOCK 10 1.0 1024 56610157.933333
THREAD_CLOCK 10 0 1048576 39279361.433333
THREAD_CLOCK 10 0.2 1048576 36952594.200000
THREAD_CLOCK 10 0.4 1048576 36769062.466667
THREAD_CLOCK 10 0.6 1048576 43247607.400000
THREAD_CLOCK 10 0.8 1048576 49067018.233333
THREAD_CLOCK 10 1.0 1048576 71872403.933333
THREAD_CLOCK 12 0 1024 18622764.566667
THREAD_CLOCK 12 0.2 1024 18883858.033333
THREAD_CLOCK 12 0.4 1024 20331367.733333
THREAD_CLOCK 12 0.6 1024 23330311.656278
THREAD_CLOCK 12 0.8 1024 28606690.533333
THREAD_CLOCK 12 1.0 1024 56246696.800000
THREAD_CLOCK 12 0 1048576 45228255.200000
THREAD_CLOCK 12 0.2 1048576 44783519.433333
THREAD_CLOCK 12 0.4 1048576 42565515.200000
THREAD_CLOCK 12 0.6 1048576 50412663.400000
THREAD_CLOCK 12 0.8 1048576 56878312.066667
THREAD_CLOCK 12 1.0 1048576 81485988.466667
THREAD_CLOCK 14 0 1024 19259219.333333
THREAD_CLOCK 14 0.2 1024 19623634.800000
THREAD_CLOCK 14 0.4 1024 22581882.137262
THREAD_CLOCK 14 0.6 1024 25686601.500000
THREAD_CLOCK 14 0.8 1024 31680147.766667
THREAD_CLOCK 14 1.0 1024 65838731.100000
THREAD_CLOCK 14 0 1048576 50373527.666667
THREAD_CLOCK 14 0.2 1048576 50880747.666667
THREAD_CLOCK 14 0.4 1048576 54090817.933333
THREAD_CLOCK 14 0.6 1048576 56714482.800000
THREAD_CLOCK 14 0.8 1048576 70958721.766667
THREAD_CLOCK 14 1.0 1048576 101322468.866667
THREAD_CLOCK 16 0 1024 20344459.100000
THREAD_CLOCK 16 0.2 1024 21774819.039365
THREAD_CLOCK 16 0.4 1024 24081239.525349
THREAD_CLOCK 16 0.6 1024 26160156.133333
THREAD_CLOCK 16 0.8 1024 34744927.766667
THREAD_CLOCK 16 1.0 1024 81497650.233333
THREAD_CLOCK 16 0 1048576 62846200.733333
THREAD_CLOCK 16 0.2 1048576 56117426.066667
THREAD_CLOCK 16 0.4 1048576 61430970.833333
THREAD_CLOCK 16 0.6 1048576 63022832.400000
THREAD_CLOCK 16 0.8 1048576 74559000.433333
THREAD_CLOCK 16 1.0 1048576 106043345.300000
THREAD_CLOCK 18 0 1024 20520658.633333
THREAD_CLOCK 18 0.2 1024 21851268.500000
THREAD_CLOCK 18 0.4 1024 23353716.633333
THREAD_CLOCK 18 0.6 1024 27193758.000000
THREAD_CLOCK 18 0.8 1024 35368021.766667
THREAD_CLOCK 18 1.0 1024 69021744.000000
THREAD_CLOCK 18 0 1048576 65982069.566667
THREAD_CLOCK 18 0.2 1048576 62512522.700000
THREAD_CLOCK 18 0.4 1048576 64345837.172094
THREAD_CLOCK 18 0.6 1048576 71278412.300000
THREAD_CLOCK 18 0.8 1048576 84439685.500000
THREAD_CLOCK 18 1.0 1048576 114555706.833333
THREAD_CLOCK 20 0 1024 22385831.766667
THREAD_CLOCK 20 0.2 1024 23438024.466667
THREAD_CLOCK 20 0.4 1024 25549099.396687
THREAD_CLOCK 20 0.6 1024 29524167.033333
THREAD_CLOCK 20 0.8 1024 37701754.841505
THREAD_CLOCK 20 1.0 1024 70635497.700000
THREAD_CLOCK 20 0 1048576 68461062.700000
THREAD_CLOCK 20 0.2 1048576 65783733.866667
THREAD_CLOCK 20 0.4 1048576 68313740.033333
THREAD_CLOCK 20 0.6 1048576 74499797.966667
THREAD_CLOCK 20 0.8 1048576 88053955.066667
THREAD_CLOCK 20 1.0 1048576 122788805.100000
THREAD_CLOCK 22 0 1024 23811622.300000
THREAD_CLOCK 22 0.2 1024 24825919.800000
THREAD_CLOCK 22 0.4 1024 26819213.766667
THREAD_CLOCK 22 0.6 1024 31557753.233333
THREAD_CLOCK 22 0.8 1024 40844021.166667
THREAD_CLOCK 22 1.0 1024 88944217.133333
THREAD_CLOCK 22 0 1048576 72858274.366667
THREAD_CLOCK 22 0.2 1048576 69820701.366667
THREAD_CLOCK 22 0.4 1048576 71477046.433333
THREAD_CLOCK 22 0.6 1048576 78229280.666667
THREAD_CLOCK 22 0.8 1048576 91947723.300000
THREAD_CLOCK 22 1.0 1048576 125716609.033333
THREAD_CLOCK 24 0 1024 23844760.200000
THREAD_CLOCK 24 0.2 1024 25676088.566667
THREAD_CLOCK 24 0.4 1024 25584886.300000
THREAD_CLOCK 24 0.6 1024 31920127.262425
THREAD_CLOCK 24 0.8 1024 43809836.933333
THREAD_CLOCK 24 1.0 1024 87876624.533333
THREAD_CLOCK 24 0 1048576 74394316.133333
THREAD_CLOCK 24 0.2 1048576 73316085.266667
THREAD_CLOCK 24 0.4 1048576 74641726.933333
THREAD_CLOCK 24 0.6 1048576 81486066.866667
THREAD_CLOCK 24 0.8 1048576 95551467.133333
THREAD_CLOCK 24 1.0 1048576 129489136.333333
THREAD_CLOCK 26 0 1024 24900014.366667
THREAD_CLOCK 26 0.2 1024 26119738.400000
THREAD_CLOCK 26 0.4 1024 25938934.000000
THREAD_CLOCK 26 0.6 1024 33299009.400000
THREAD_CLOCK 26 0.8 1024 44696400.233333
THREAD_CLOCK 26 1.0 1024 81946129.433333
THREAD_CLOCK 26 0 1048576 77004363.200000
THREAD_CLOCK 26 0.2 1048576 74632449.966667
THREAD_CLOCK 26 0.4 1048576 78364658.666667
THREAD_CLOCK 26 0.6 1048576 84261229.600000
THREAD_CLOCK 26 0.8 1048576 99384031.800000
THREAD_CLOCK 26 1.0 1048576 132421894.066667
THREAD_CLOCK 28 0 1024 25101048.800000
THREAD_CLOCK 28 0.2 1024 26078533.466667
THREAD_CLOCK 28 0.4 1024 27653196.733333
THREAD_CLOCK 28 0.6 1024 33678613.000000
THREAD_CLOCK 28 0.8 1024 43463671.633333
THREAD_CLOCK 28 1.0 1024 78206769.100000
THREAD_CLOCK 28 0 1048576 80310198.800000
THREAD_CLOCK 28 0.2 1048576 78007918.733333
THREAD_CLOCK 28 0.4 1048576 80778926.600000
THREAD_CLOCK 28 0.6 1048576 87372856.400000
THREAD_CLOCK 28 0.8 1048576 102980492.900000
THREAD_CLOCK 28 1.0 1048576 135819054.933333
THREAD_CLOCK 30 0 1024 24975255.700000
THREAD_CLOCK 30 0.2 1024 27352395.933333
THREAD_CLOCK 30 0.4 1024 29522476.033333
THREAD_CLOCK 30 0.6 1024 32406261.066667
THREAD_CLOCK 30 0.8 1024 46482415.666667
THREAD_CLOCK 30 1.0 1024 87327821.966667
THREAD_CLOCK 30 0 1048576 82704329.233333
THREAD_CLOCK 30 0.2 1048576 82172896.866667
THREAD_CLOCK 30 0.4 1048576 84253042.966667
THREAD_CLOCK 30 0.6 1048576 91225673.466667
THREAD_CLOCK 30 0.8 1048576 106074666.466667
THREAD_CLOCK 30 1.0 1048576 138994873.566667
THREAD_CLOCK 32 0 1024 25495895.933333
THREAD_CLOCK 32 0.2 1024 26806118.266667
THREAD_CLOCK 32 0.4 1024 29630833.766667
THREAD_CLOCK 32 0.6 1024 33155038.800000
THREAD_CLOCK 32 0.8 1024 40835977.600000
THREAD_CLOCK 32 1.0 1024 77526690.966667
THREAD_CLOCK 32 0 1048576 85529238.666667
THREAD_CLOCK 32 0.2 1048576 84268927.033333
THREAD_CLOCK 32 0.4 1048576 86731521.833333
THREAD_CLOCK 32 0.6 1048576 94863168.000000
THREAD_CLOCK 32 0.8 1048576 109730669.866667
THREAD_CLOCK 32 1.0 1048576 142177844.966667
