GLOBAL_CLOCK 2 0 1024 4595323.000000
GLOBAL_CLOCK 2 0.2 1024 3697902.733333
GLOBAL_CLOCK 2 0.4 1024 7951896.400000
GLOBAL_CLOCK 2 0.6 1024 3666674.466667
GLOBAL_CLOCK 2 0.8 1024 3772529.100000
GLOBAL_CLOCK 2 1.0 1024 9636664.466667
GLOBAL_CLOCK 2 0 1048576 8940530.833333
GLOBAL_CLOCK 2 0.2 1048576 9241668.666667
GLOBAL_CLOCK 2 0.4 1048576 9055195.700000
GLOBAL_CLOCK 2 0.6 1048576 4294055.566667
GLOBAL_CLOCK 2 0.8 1048576 8102318.800000
GLOBAL_CLOCK 2 1.0 1048576 7895656.500000
GLOBAL_CLOCK 4 0 1024 4608963.433333
GLOBAL_CLOCK 4 0.2 1024 4052276.933333
GLOBAL_CLOCK 4 0.4 1024 4257446.833333
GLOBAL_CLOCK 4 0.6 1024 4415925.833333
GLOBAL_CLOCK 4 0.8 1024 5727638.045398
GLOBAL_CLOCK 4 1.0 1024 4989908.700000
GLOBAL_CLOCK 4 0 1048576 4681320.922636
GLOBAL_CLOCK 4 0.2 1048576 5615863.371221
GLOBAL_CLOCK 4 0.4 1048576 4490006.033333
GLOBAL_CLOCK 4 0.6 1048576 4727617.900000
GLOBAL_CLOCK 4 0.8 1048576 5071927.800000
GLOBAL_CLOCK 4 1.0 1048576 4876637.700000
GLOBAL_CLOCK 6 0 1024 4497955.333333
GLOBAL_CLOCK 6 0.2 1024 4808515.366667
GLOBAL_CLOCK 6 0.4 1024 4650628.166667
GLOBAL_CLOCK 6 0.6 1024 4484195.733333
GLOBAL_CLOCK 6 0.8 1024 4722974.500000
GLOBAL_CLOCK 6 1.0 1024 5309678.866667
GLOBAL_CLOCK 6 0 1048576 4868884.566667
GLOBAL_CLOCK 6 0.2 1048576 5130058.500000
GLOBAL_CLOCK 6 0.4 1048576 5225471.484284
GLOBAL_CLOCK 6 0.6 1048576 4705600.700000
GLOBAL_CLOCK 6 0.8 1048576 5281786.540449
GLOBAL_CLOCK 6 1.0 1048576 4441357.221426
GLOBAL_CLOCK 8 0 1024 4469729.709010
GLOBAL_CLOCK 8 0.2 1024 4325074.664178
GLOBAL_CLOCK 8 0.4 1024 4426930.066667
GLOBAL_CLOCK 8 0.6 1024 4634041.733333
GLOBAL_CLOCK 8 0.8 1024 4920791.466667
GLOBAL_CLOCK 8 1.0 1024 5509519.766667
GLOBAL_CLOCK 8 0 1048576 5490334.566667
GLOBAL_CLOCK 8 0.2 1048576 5725087.966667
GLOBAL_CLOCK 8 0.4 1048576 4678621.966667
GLOBAL_CLOCK 8 0.6 1048576 6246255.500000
GLOBAL_CLOCK 8 0.8 1048576 5445193.266667
GLOBAL_CLOCK 8 1.0 1048576 4681989.900000
GLOBAL_CLOCK 10 0 1024 5729403.833333
GLOBAL_CLOCK 10 0.2 1024 5518330.700000
GLOBAL_CLOCK 10 0.4 1024 5423619.766667
GLOBAL_CLOCK 10 0.6 1024 5005741.808606
GLOBAL_CLOCK 10 0.8 1024 5680359.266667
GLOBAL_CLOCK 10 1.0 1024 5383714.633333
GLOBAL_CLOCK 10 0 1048576 5424608.466667
GLOBAL_CLOCK 10 0.2 1048576 5242700.243325
GLOBAL_CLOCK 10 0.4 1048576 5316751.041632
GLOBAL_CLOCK 10 0.6 1048576 4750681.700000
GLOBAL_CLOCK 10 0.8 1048576 5026801.673278
GLOBAL_CLOCK 10 1.0 1048576 5451089.530349
GLOBAL_CLOCK 12 0 1024 5172609.300000
GLOBAL_CLOCK 12 0.2 1024 4978908.633333
GLOBAL_CLOCK 12 0.4 1024 4859349.300000
GLOBAL_CLOCK 12 0.6 1024 4669726.433333
GLOBAL_CLOCK 12 0.8 1024 4835879.666667
GLOBAL_CLOCK 12 1.0 1024 5112893.233333
GLOBAL_CLOCK 12 0 1048576 5638213.433333
GLOBAL_CLOCK 12 0.2 1048576 5016137.000000
GLOBAL_CLOCK 12 0.4 1048576 5398509.149695
GLOBAL_CLOCK 12 0.6 1048576 4675252.558248
GLOBAL_CLOCK 12 0.8 1048576 5249648.411720
GLOBAL_CLOCK 12 1.0 1048576 5880674.600000
GLOBAL_CLOCK 14 0 1024 5203257.424753
GLOBAL_CLOCK 14 0.2 1024 4882004.366521
GLOBAL_CLOCK 14 0.4 1024 5094436.185460
GLOBAL_CLOCK 14 0.6 1024 5231372.200000
GLOBAL_CLOCK 14 0.8 1024 5404800.633333
GLOBAL_CLOCK 14 1.0 1024 5132654.778174
GLOBAL_CLOCK 14 0 1048576 6072816.506116
GLOBAL_CLOCK 14 0.2 1048576 5062137.928736
GLOBAL_CLOCK 14 0.4 1048576 5485141.500000
GLOBAL_CLOCK 14 0.6 1048576 5018113.596213
GLOBAL_CLOCK 14 0.8 1048576 5272483.966667
GLOBAL_CLOCK 14 1.0 1048576 5162388.833333
GLOBAL_CLOCK 16 0 1024 4766184.727176
GLOBAL_CLOCK 16 0.2 1024 4892035.633333
GLOBAL_CLOCK 16 0.4 1024 5161310.600000
GLOBAL_CLOCK 16 0.6 1024 4694896.370121
GLOBAL_CLOCK 16 0.8 1024 4936824.839172
GLOBAL_CLOCK 16 1.0 1024 5230613.900000
GLOBAL_CLOCK 16 0 1048576 6338097.633333
GLOBAL_CLOCK 16 0.2 1048576 5847330.222326
GLOBAL_CLOCK 16 0.4 1048576 5602136.295457
GLOBAL_CLOCK 16 0.6 1048576 5518090.996967
GLOBAL_CLOCK 16 0.8 1048576 5149423.300000
GLOBAL_CLOCK 16 1.0 1048576 5214870.200000
GLOBAL_CLOCK 18 0 1024 5068973.834206
GLOBAL_CLOCK 18 0.2 1024 5489821.505950
GLOBAL_CLOCK 18 0.4 1024 4900783.473884
GLOBAL_CLOCK 18 0.6 1024 5349105.496483
GLOBAL_CLOCK 18 0.8 1024 4888518.782707
GLOBAL_CLOCK 18 1.0 1024 4343549.800000
GLOBAL_CLOCK 18 0 1048576 5470723.200000
GLOBAL_CLOCK 18 0.2 1048576 4842287.757075
GLOBAL_CLOCK 18 0.4 1048576 4913924.000000
GLOBAL_CLOCK 18 0.6 1048576 5476240.925302
GLOBAL_CLOCK 18 0.8 1048576 4858380.866667
GLOBAL_CLOCK 18 1.0 1048576 4972221.959268
GLOBAL_CLOCK 20 0 1024 4985768.841039
GLOBAL_CLOCK 20 0.2 1024 5303339.355355
GLOBAL_CLOCK 20 0.4 1024 5423169.427686
GLOBAL_CLOCK 20 0.6 1024 4855370.520983
GLOBAL_CLOCK 20 0.8 1024 4541823.466667
GLOBAL_CLOCK 20 1.0 1024 5915492.450252
GLOBAL_CLOCK 20 0 1048576 5400349.033333
GLOBAL_CLOCK 20 0.2 1048576 5453061.897937
GLOBAL_CLOCK 20 0.4 1048576 4590343.055231
GLOBAL_CLOCK 20 0.6 1048576 6046398.353388
GLOBAL_CLOCK 20 0.8 1048576 4830407.266667
GLOBAL_CLOCK 20 1.0 1048576 5096378.733333
GLOBAL_CLOCK 22 0 1024 5810681.943935
GLOBAL_CLOCK 22 0.2 1024 5136214.733333
GLOBAL_CLOCK 22 0.4 1024 5158677.044099
GLOBAL_CLOCK 22 0.6 1024 5586261.691277
GLOBAL_CLOCK 22 0.8 1024 5080377.020766
GLOBAL_CLOCK 22 1.0 1024 5267172.400000
GLOBAL_CLOCK 22 0 1048576 6177735.400000
GLOBAL_CLOCK 22 0.2 1048576 5549788.507050
GLOBAL_CLOCK 22 0.4 1048576 5835874.000000
GLOBAL_CLOCK 22 0.6 1048576 5763613.679544
GLOBAL_CLOCK 22 0.8 1048576 5539153.328222
GLOBAL_CLOCK 22 1.0 1048576 5469326.055798
GLOBAL_CLOCK 24 0 1024 5169697.400000
GLOBAL_CLOCK 24 0.2 1024 5897660.777974
GLOBAL_CLOCK 24 0.4 1024 5787033.166667
GLOBAL_CLOCK 24 0.6 1024 5841392.820239
GLOBAL_CLOCK 24 0.8 1024 5652252.424919
GLOBAL_CLOCK 24 1.0 1024 6171144.328522
GLOBAL_CLOCK 24 0 1048576 5841245.433333
GLOBAL_CLOCK 24 0.2 1048576 6037161.627946
GLOBAL_CLOCK 24 0.4 1048576 6360256.291457
GLOBAL_CLOCK 24 0.6 1048576 5676298.556715
GLOBAL_CLOCK 24 0.8 1048576 6128632.000000
GLOBAL_CLOCK 24 1.0 1048576 5935877.870738
GLOBAL_CLOCK 26 0 1024 5713336.233333
GLOBAL_CLOCK 26 0.2 1024 5779546.548448
GLOBAL_CLOCK 26 0.4 1024 5691097.433333
GLOBAL_CLOCK 26 0.6 1024 5818376.800000
GLOBAL_CLOCK 26 0.8 1024 6301157.128096
GLOBAL_CLOCK 26 1.0 1024 6050670.844305
GLOBAL_CLOCK 26 0 1048576 6742780.307323
GLOBAL_CLOCK 26 0.2 1048576 6204107.129762
GLOBAL_CLOCK 26 0.4 1048576 6662902.600000
GLOBAL_CLOCK 26 0.6 1048576 6152049.231692
GLOBAL_CLOCK 26 0.8 1048576 6650580.600000
GLOBAL_CLOCK 26 1.0 1048576 6769702.976567
GLOBAL_CLOCK 28 0 1024 5876451.618279
GLOBAL_CLOCK 28 0.2 1024 5884131.028966
GLOBAL_CLOCK 28 0.4 1024 6407310.166667
GLOBAL_CLOCK 28 0.6 1024 6604499.700000
GLOBAL_CLOCK 28 0.8 1024 6678383.887204
GLOBAL_CLOCK 28 1.0 1024 6531496.616779
GLOBAL_CLOCK 28 0 1048576 6614314.789507
GLOBAL_CLOCK 28 0.2 1048576 7149948.968368
GLOBAL_CLOCK 28 0.4 1048576 6687229.459018
GLOBAL_CLOCK 28 0.6 1048576 6600811.206293
GLOBAL_CLOCK 28 0.8 1048576 7280240.733333
GLOBAL_CLOCK 28 1.0 1048576 7204179.400000
GLOBAL_CLOCK 30 0 1024 6653191.166667
GLOBAL_CLOCK 30 0.2 1024 6643402.053265
GLOBAL_CLOCK 30 0.4 1024 6174393.686877
GLOBAL_CLOCK 30 0.6 1024 6902735.700000
GLOBAL_CLOCK 30 0.8 1024 6774904.203193
GLOBAL_CLOCK 30 1.0 1024 6968993.833539
GLOBAL_CLOCK 30 0 1048576 7658703.143229
GLOBAL_CLOCK 30 0.2 1048576 7114432.018933
GLOBAL_CLOCK 30 0.4 1048576 7644016.532782
GLOBAL_CLOCK 30 0.6 1048576 7033927.402420
GLOBAL_CLOCK 30 0.8 1048576 7670143.500000
GLOBAL_CLOCK 30 1.0 1048576 7202619.200000
GLOBAL_CLOCK 32 0 1024 6561433.485550
GLOBAL_CLOCK 32 0.2 1024 6987554.614846
GLOBAL_CLOCK 32 0.4 1024 6687547.881737
GLOBAL_CLOCK 32 0.6 1024 6756877.537415
GLOBAL_CLOCK 32 0.8 1024 6825912.502917
GLOBAL_CLOCK 32 1.0 1024 7479068.000000
GLOBAL_CLOCK 32 0 1048576 7605409.153028
GLOBAL_CLOCK 32 0.2 1048576 8135677.444085
GLOBAL_CLOCK 32 0.4 1048576 7664845.605146
GLOBAL_CLOCK 32 0.6 1048576 7461317.489417
GLOBAL_CLOCK 32 0.8 1048576 7312553.081564
GLOBAL_CLOCK 32 1.0 1048576 7255451.300000
GLOBAL_CLOCK 34 0 1024 6841685.977134
GLOBAL_CLOCK 34 0.2 1024 7310274.424186
GLOBAL_CLOCK 34 0.4 1024 7399529.449018
GLOBAL_CLOCK 34 0.6 1024 7667328.122396
GLOBAL_CLOCK 34 0.8 1024 7242122.329256
GLOBAL_CLOCK 34 1.0 1024 8089423.252558
GLOBAL_CLOCK 34 0 1048576 7722477.784074
GLOBAL_CLOCK 34 0.2 1048576 8213242.066667
GLOBAL_CLOCK 34 0.4 1048576 8184273.490884
GLOBAL_CLOCK 34 0.6 1048576 8250228.025732
GLOBAL_CLOCK 34 0.8 1048576 8691942.035265
GLOBAL_CLOCK 34 1.0 1048576 8124658.244725
GLOBAL_CLOCK 36 0 1024 7235515.849472
GLOBAL_CLOCK 36 0.2 1024 7517468.551048
GLOBAL_CLOCK 36 0.4 1024 7615143.561881
GLOBAL_CLOCK 36 0.6 1024 7631808.739709
GLOBAL_CLOCK 36 0.8 1024 7809635.778807
GLOBAL_CLOCK 36 1.0 1024 8541409.586347
GLOBAL_CLOCK 36 0 1048576 9210616.412786
GLOBAL_CLOCK 36 0.2 1048576 9076208.026399
GLOBAL_CLOCK 36 0.4 1048576 8850935.935469
GLOBAL_CLOCK 36 0.6 1048576 8753795.206826
GLOBAL_CLOCK 36 0.8 1048576 8799998.866667
GLOBAL_CLOCK 36 1.0 1048576 9354603.766667
GLOBAL_CLOCK 38 0 1024 7324993.133562
GLOBAL_CLOCK 38 0.2 1024 7791312.489584
GLOBAL_CLOCK 38 0.4 1024 7502745.075164
GLOBAL_CLOCK 38 0.6 1024 8147918.602713
GLOBAL_CLOCK 38 0.8 1024 7977501.649945
GLOBAL_CLOCK 38 1.0 1024 9648181.660611
GLOBAL_CLOCK 38 0 1048576 9767148.961701
GLOBAL_CLOCK 38 0.2 1048576 9432037.665411
GLOBAL_CLOCK 38 0.4 1048576 9377530.315656
GLOBAL_CLOCK 38 0.6 1048576 9338494.150195
GLOBAL_CLOCK 38 0.8 1048576 9414835.905470
GLOBAL_CLOCK 38 1.0 1048576 9181448.718376
GLOBAL_CLOCK 40 0 1024 7937002.666578
GLOBAL_CLOCK 40 0.2 1024 7372760.474651
GLOBAL_CLOCK 40 0.4 1024 7501684.977167
GLOBAL_CLOCK 40 0.6 1024 7755317.089430
GLOBAL_CLOCK 40 0.8 1024 8474481.617279
GLOBAL_CLOCK 40 1.0 1024 9691261.591280
GLOBAL_CLOCK 40 0 1048576 10124804.906503
GLOBAL_CLOCK 40 0.2 1048576 9514347.288424
GLOBAL_CLOCK 40 0.4 1048576 9924577.914070
GLOBAL_CLOCK 40 0.6 1048576 9818439.952002
GLOBAL_CLOCK 40 0.8 1048576 10341055.064831
GLOBAL_CLOCK 40 1.0 1048576 10475813.572881
NUMA_CLOCK 2 0 1024 7989168.166667
NUMA_CLOCK 2 0.2 1024 7854361.933333
NUMA_CLOCK 2 0.4 1024 7754322.766667
NUMA_CLOCK 2 0.6 1024 8303282.300000
NUMA_CLOCK 2 0.8 1024 8431699.433333
NUMA_CLOCK 2 1.0 1024 10683780.640645
NUMA_CLOCK 2 0 1048576 9687363.200000
NUMA_CLOCK 2 0.2 1048576 9060950.033333
NUMA_CLOCK 2 0.4 1048576 8546516.366667
NUMA_CLOCK 2 0.6 1048576 9192628.233333
NUMA_CLOCK 2 0.8 1048576 9706938.133333
NUMA_CLOCK 2 1.0 1048576 8894858.266667
NUMA_CLOCK 4 0 1024 11231169.666667
NUMA_CLOCK 4 0.2 1024 11170084.466667
NUMA_CLOCK 4 0.4 1024 11577323.300000
NUMA_CLOCK 4 0.6 1024 12073329.322356
NUMA_CLOCK 4 0.8 1024 10658966.166667
NUMA_CLOCK 4 1.0 1024 13045554.466667
NUMA_CLOCK 4 0 1048576 12317749.833333
NUMA_CLOCK 4 0.2 1048576 12704223.833333
NUMA_CLOCK 4 0.4 1048576 11005453.200000
NUMA_CLOCK 4 0.6 1048576 13110304.666667
NUMA_CLOCK 4 0.8 1048576 11344784.500000
NUMA_CLOCK 4 1.0 1048576 11283076.133333
NUMA_CLOCK 6 0 1024 12879944.166667
NUMA_CLOCK 6 0.2 1024 11257841.000000
NUMA_CLOCK 6 0.4 1024 10860081.766667
NUMA_CLOCK 6 0.6 1024 12640901.400000
NUMA_CLOCK 6 0.8 1024 11400708.133333
NUMA_CLOCK 6 1.0 1024 13382160.466667
NUMA_CLOCK 6 0 1048576 11684202.393254
NUMA_CLOCK 6 0.2 1048576 13759835.533333
NUMA_CLOCK 6 0.4 1048576 11301081.897270
NUMA_CLOCK 6 0.6 1048576 11542470.800000
NUMA_CLOCK 6 0.8 1048576 12740536.033333
NUMA_CLOCK 6 1.0 1048576 11463720.500000
NUMA_CLOCK 8 0 1024 12291256.400000
NUMA_CLOCK 8 0.2 1024 11637069.700000
NUMA_CLOCK 8 0.4 1024 13857133.533333
NUMA_CLOCK 8 0.6 1024 12177989.767008
NUMA_CLOCK 8 0.8 1024 12802280.500000
NUMA_CLOCK 8 1.0 1024 13791665.711143
NUMA_CLOCK 8 0 1048576 13465222.400000
NUMA_CLOCK 8 0.2 1048576 13035102.700000
NUMA_CLOCK 8 0.4 1048576 12912454.066667
NUMA_CLOCK 8 0.6 1048576 13750315.922803
NUMA_CLOCK 8 0.8 1048576 11931693.800000
NUMA_CLOCK 8 1.0 1048576 14087071.066667
NUMA_CLOCK 10 0 1024 12424861.200000
NUMA_CLOCK 10 0.2 1024 12059307.566667
NUMA_CLOCK 10 0.4 1024 12216707.700000
NUMA_CLOCK 10 0.6 1024 13898864.204527
NUMA_CLOCK 10 0.8 1024 13230923.366667
NUMA_CLOCK 10 1.0 1024 13007149.700000
NUMA_CLOCK 10 0 1048576 13353312.466667
NUMA_CLOCK 10 0.2 1048576 13473235.966667
NUMA_CLOCK 10 0.4 1048576 13797216.592780
NUMA_CLOCK 10 0.6 1048576 12584915.636145
NUMA_CLOCK 10 0.8 1048576 13031391.200000
NUMA_CLOCK 10 1.0 1048576 12896437.400000
NUMA_CLOCK 12 0 1024 13994117.100000
NUMA_CLOCK 12 0.2 1024 13238363.600000
NUMA_CLOCK 12 0.4 1024 13160902.900000
NUMA_CLOCK 12 0.6 1024 14080604.800000
NUMA_CLOCK 12 0.8 1024 13790320.000000
NUMA_CLOCK 12 1.0 1024 14147317.622746
NUMA_CLOCK 12 0 1048576 14248879.733333
NUMA_CLOCK 12 0.2 1048576 14116533.333333
NUMA_CLOCK 12 0.4 1048576 13790974.500000
NUMA_CLOCK 12 0.6 1048576 13992749.008366
NUMA_CLOCK 12 0.8 1048576 14812189.760341
NUMA_CLOCK 12 1.0 1048576 14245139.133333
NUMA_CLOCK 14 0 1024 14490854.933333
NUMA_CLOCK 14 0.2 1024 14505010.066667
NUMA_CLOCK 14 0.4 1024 14577285.057165
NUMA_CLOCK 14 0.6 1024 14767916.200000
NUMA_CLOCK 14 0.8 1024 15005874.504183
NUMA_CLOCK 14 1.0 1024 15831290.466667
NUMA_CLOCK 14 0 1048576 16228037.265424
NUMA_CLOCK 14 0.2 1048576 15436400.566667
NUMA_CLOCK 14 0.4 1048576 15523477.600000
NUMA_CLOCK 14 0.6 1048576 15464013.066231
NUMA_CLOCK 14 0.8 1048576 15413598.500000
NUMA_CLOCK 14 1.0 1048576 16554400.533333
NUMA_CLOCK 16 0 1024 15514402.333333
NUMA_CLOCK 16 0.2 1024 15621557.148095
NUMA_CLOCK 16 0.4 1024 16144575.880804
NUMA_CLOCK 16 0.6 1024 16405419.886004
NUMA_CLOCK 16 0.8 1024 16484101.496617
NUMA_CLOCK 16 1.0 1024 17606964.767841
NUMA_CLOCK 16 0 1048576 17280075.330822
NUMA_CLOCK 16 0.2 1048576 16780347.366667
NUMA_CLOCK 16 0.4 1048576 16438579.914003
NUMA_CLOCK 16 0.6 1048576 17344158.961368
NUMA_CLOCK 16 0.8 1048576 16723635.566667
NUMA_CLOCK 16 1.0 1048576 17235218.766667
NUMA_CLOCK 18 0 1024 16672687.177094
NUMA_CLOCK 18 0.2 1024 16278893.966667
NUMA_CLOCK 18 0.4 1024 17180096.530116
NUMA_CLOCK 18 0.6 1024 17334621.600000
NUMA_CLOCK 18 0.8 1024 17813313.756208
NUMA_CLOCK 18 1.0 1024 18077017.466084
NUMA_CLOCK 18 0 1048576 18352308.023066
NUMA_CLOCK 18 0.2 1048576 17584255.224826
NUMA_CLOCK 18 0.4 1048576 18762865.000000
NUMA_CLOCK 18 0.6 1048576 18670736.142129
NUMA_CLOCK 18 0.8 1048576 17900477.584081
NUMA_CLOCK 18 1.0 1048576 18503099.496683
NUMA_CLOCK 20 0 1024 17780193.093564
NUMA_CLOCK 20 0.2 1024 17800487.683744
NUMA_CLOCK 20 0.4 1024 17989568.633333
NUMA_CLOCK 20 0.6 1024 18234948.935036
NUMA_CLOCK 20 0.8 1024 19102919.469351
NUMA_CLOCK 20 1.0 1024 19991332.888904
NUMA_CLOCK 20 0 1048576 18963571.066667
NUMA_CLOCK 20 0.2 1048576 18749822.966667
NUMA_CLOCK 20 0.4 1048576 20245068.231059
NUMA_CLOCK 20 0.6 1048576 19106450.484984
NUMA_CLOCK 20 0.8 1048576 19921013.266667
NUMA_CLOCK 20 1.0 1048576 20375724.042532
NUMA_CLOCK 22 0 1024 18527071.530949
NUMA_CLOCK 22 0.2 1024 19054848.871704
NUMA_CLOCK 22 0.4 1024 19463053.631546
NUMA_CLOCK 22 0.6 1024 20508049.865004
NUMA_CLOCK 22 0.8 1024 21723121.595947
NUMA_CLOCK 22 1.0 1024 28514115.596147
NUMA_CLOCK 22 0 1048576 26766614.579514
NUMA_CLOCK 22 0.2 1048576 26218831.938935
NUMA_CLOCK 22 0.4 1048576 25845847.438419
NUMA_CLOCK 22 0.6 1048576 27315483.317223
NUMA_CLOCK 22 0.8 1048576 28263825.539149
NUMA_CLOCK 22 1.0 1048576 30466451.284957
NUMA_CLOCK 24 0 1024 18777500.549982
NUMA_CLOCK 24 0.2 1024 19693324.855838
NUMA_CLOCK 24 0.4 1024 20717606.246458
NUMA_CLOCK 24 0.6 1024 22586627.412420
NUMA_CLOCK 24 0.8 1024 25736864.137862
NUMA_CLOCK 24 1.0 1024 32994129.329022
NUMA_CLOCK 24 0 1048576 28863595.780141
NUMA_CLOCK 24 0.2 1048576 29836534.782174
NUMA_CLOCK 24 0.4 1048576 29807796.506783
NUMA_CLOCK 24 0.6 1048576 30191368.687710
NUMA_CLOCK 24 0.8 1048576 31418975.834139
NUMA_CLOCK 24 1.0 1048576 33386954.401520
NUMA_CLOCK 26 0 1024 19615072.733333
NUMA_CLOCK 26 0.2 1024 19395769.741009
NUMA_CLOCK 26 0.4 1024 20403973.734209
NUMA_CLOCK 26 0.6 1024 23476466.684444
NUMA_CLOCK 26 0.8 1024 28222470.633333
NUMA_CLOCK 26 1.0 1024 33839331.266667
NUMA_CLOCK 26 0 1048576 31230328.366667
NUMA_CLOCK 26 0.2 1048576 29775492.683577
NUMA_CLOCK 26 0.4 1048576 30463835.400000
NUMA_CLOCK 26 0.6 1048576 31028642.611913
NUMA_CLOCK 26 0.8 1048576 33255964.266667
NUMA_CLOCK 26 1.0 1048576 30473781.140629
NUMA_CLOCK 28 0 1024 18678622.666667
NUMA_CLOCK 28 0.2 1024 20483236.700000
NUMA_CLOCK 28 0.4 1024 22154616.200000
NUMA_CLOCK 28 0.6 1024 24960868.071064
NUMA_CLOCK 28 0.8 1024 27318083.633333
NUMA_CLOCK 28 1.0 1024 33788679.877337
NUMA_CLOCK 28 0 1048576 30821616.500000
NUMA_CLOCK 28 0.2 1048576 32001216.892770
NUMA_CLOCK 28 0.4 1048576 30591011.400000
NUMA_CLOCK 28 0.6 1048576 31593144.333333
NUMA_CLOCK 28 0.8 1048576 32725685.233333
NUMA_CLOCK 28 1.0 1048576 32113761.666667
NUMA_CLOCK 30 0 1024 18567561.314623
NUMA_CLOCK 30 0.2 1024 20069987.733742
NUMA_CLOCK 30 0.4 1024 22697349.088364
NUMA_CLOCK 30 0.6 1024 25440592.780241
NUMA_CLOCK 30 0.8 1024 27809216.533333
NUMA_CLOCK 30 1.0 1024 32591145.033333
NUMA_CLOCK 30 0 1048576 31708645.333333
NUMA_CLOCK 30 0.2 1048576 29842536.433333
NUMA_CLOCK 30 0.4 1048576 31124913.233333
NUMA_CLOCK 30 0.6 1048576 31399082.033333
NUMA_CLOCK 30 0.8 1048576 31265493.333333
NUMA_CLOCK 30 1.0 1048576 33290621.833333
NUMA_CLOCK 32 0 1024 19044595.633333
NUMA_CLOCK 32 0.2 1024 19932160.833333
NUMA_CLOCK 32 0.4 1024 21532073.300000
NUMA_CLOCK 32 0.6 1024 24670814.006200
NUMA_CLOCK 32 0.8 1024 27596439.366667
NUMA_CLOCK 32 1.0 1024 34166137.266667
NUMA_CLOCK 32 0 1048576 31879772.366667
NUMA_CLOCK 32 0.2 1048576 31516835.338822
NUMA_CLOCK 32 0.4 1048576 32301786.240459
NUMA_CLOCK 32 0.6 1048576 32753309.156361
NUMA_CLOCK 32 0.8 1048576 32712073.164228
NUMA_CLOCK 32 1.0 1048576 34510769.566667
NUMA_CLOCK 34 0 1024 19058996.266791
NUMA_CLOCK 34 0.2 1024 20537910.833333
NUMA_CLOCK 34 0.4 1024 22631363.787874
NUMA_CLOCK 34 0.6 1024 24562702.043265
NUMA_CLOCK 34 0.8 1024 28764485.383821
NUMA_CLOCK 34 1.0 1024 34055509.000000
NUMA_CLOCK 34 0 1048576 33761935.068831
NUMA_CLOCK 34 0.2 1048576 33534634.478851
NUMA_CLOCK 34 0.4 1048576 33776827.839072
NUMA_CLOCK 34 0.6 1048576 34921140.128662
NUMA_CLOCK 34 0.8 1048576 35808479.417353
NUMA_CLOCK 34 1.0 1048576 35980080.600000
NUMA_CLOCK 36 0 1024 19587775.407486
NUMA_CLOCK 36 0.2 1024 20200174.594180
NUMA_CLOCK 36 0.4 1024 22231995.000167
NUMA_CLOCK 36 0.6 1024 25301654.078197
NUMA_CLOCK 36 0.8 1024 29907197.093430
NUMA_CLOCK 36 1.0 1024 34527990.933636
NUMA_CLOCK 36 0 1048576 35375659.544682
NUMA_CLOCK 36 0.2 1048576 34554662.311256
NUMA_CLOCK 36 0.4 1048576 34717057.564748
NUMA_CLOCK 36 0.6 1048576 35546815.372821
NUMA_CLOCK 36 0.8 1048576 35170490.683644
NUMA_CLOCK 36 1.0 1048576 39241636.978767
NUMA_CLOCK 38 0 1024 18177570.480984
NUMA_CLOCK 38 0.2 1024 20637383.120563
NUMA_CLOCK 38 0.4 1024 23374186.093797
NUMA_CLOCK 38 0.6 1024 25740073.397553
NUMA_CLOCK 38 0.8 1024 29509631.578947
NUMA_CLOCK 38 1.0 1024 37412112.696243
NUMA_CLOCK 38 0 1048576 37168272.790907
NUMA_CLOCK 38 0.2 1048576 35796754.274858
NUMA_CLOCK 38 0.4 1048576 36596542.148595
NUMA_CLOCK 38 0.6 1048576 36938626.879104
NUMA_CLOCK 38 0.8 1048576 37258595.246825
NUMA_CLOCK 38 1.0 1048576 39955674.777507
NUMA_CLOCK 40 0 1024 19970614.912836
NUMA_CLOCK 40 0.2 1024 20019523.049232
NUMA_CLOCK 40 0.4 1024 23911899.836672
NUMA_CLOCK 40 0.6 1024 27260549.715009
NUMA_CLOCK 40 0.8 1024 31493985.967134
NUMA_CLOCK 40 1.0 1024 37957742.441919
NUMA_CLOCK 40 0 1048576 36591390.686977
NUMA_CLOCK 40 0.2 1048576 37972489.117029
NUMA_CLOCK 40 0.4 1048576 37177204.259858
NUMA_CLOCK 40 0.6 1048576 38421066.864438
NUMA_CLOCK 40 0.8 1048576 38698434.952168
NUMA_CLOCK 40 1.0 1048576 42018661.277957
THREAD_CLOCK 2 0 1024 10558018.433333
THREAD_CLOCK 2 0.2 1024 10302416.333333
THREAD_CLOCK 2 0.4 1024 6181915.366667
THREAD_CLOCK 2 0.6 1024 6861761.533333
THREAD_CLOCK 2 0.8 1024 8301074.100000
THREAD_CLOCK 2 1.0 1024 14859416.833333
THREAD_CLOCK 2 0 1048576 12352995.066667
THREAD_CLOCK 2 0.2 1048576 9300132.095597
THREAD_CLOCK 2 0.4 1048576 8424871.170961
THREAD_CLOCK 2 0.6 1048576 9021798.033333
THREAD_CLOCK 2 0.8 1048576 13149678.500000
THREAD_CLOCK 2 1.0 1048576 14711540.600000
THREAD_CLOCK 4 0 1024 9582324.866667
THREAD_CLOCK 4 0.2 1024 11252002.733333
THREAD_CLOCK 4 0.4 1024 10304186.300000
THREAD_CLOCK 4 0.6 1024 11638427.985734
THREAD_CLOCK 4 0.8 1024 13684312.000000
THREAD_CLOCK 4 1.0 1024 27089272.524249
THREAD_CLOCK 4 0 1048576 18440180.466667
THREAD_CLOCK 4 0.2 1048576 16273705.533333
THREAD_CLOCK 4 0.4 1048576 16532818.800000
THREAD_CLOCK 4 0.6 1048576 17754388.733333
THREAD_CLOCK 4 0.8 1048576 22135793.533333
THREAD_CLOCK 4 1.0 1048576 29295805.266667
THREAD_CLOCK 6 0 1024 11997179.327356
THREAD_CLOCK 6 0.2 1024 13296805.106496
THREAD_CLOCK 6 0.4 1024 12538877.433333
THREAD_CLOCK 6 0.6 1024 14961159.433333
THREAD_CLOCK 6 0.8 1024 18462740.033333
THREAD_CLOCK 6 1.0 1024 43942820.766667
THREAD_CLOCK 6 0 1048576 24834678.766667
THREAD_CLOCK 6 0.2 1048576 23967564.800000
THREAD_CLOCK 6 0.4 1048576 24505594.500000
THREAD_CLOCK 6 0.6 1048576 26554352.966667
THREAD_CLOCK 6 0.8 1048576 31299580.400000
THREAD_CLOCK 6 1.0 1048576 43892596.566667
THREAD_CLOCK 8 0 1024 15021049.500000
THREAD_CLOCK 8 0.2 1024 14721206.933333
THREAD_CLOCK 8 0.4 1024 16332700.633333
THREAD_CLOCK 8 0.6 1024 16824853.566667
THREAD_CLOCK 8 0.8 1024 21587042.700000
THREAD_CLOCK 8 1.0 1024 63846738.200000
THREAD_CLOCK 8 0 1048576 33367657.744742
THREAD_CLOCK 8 0.2 1048576 31735196.400000
THREAD_CLOCK 8 0.4 1048576 32884153.733333
THREAD_CLOCK 8 0.6 1048576 33503633.245558
THREAD_CLOCK 8 0.8 1048576 41306754.908170
THREAD_CLOCK 8 1.0 1048576 52733550.700000
THREAD_CLOCK 10 0 1024 15205350.966667
THREAD_CLOCK 10 0.2 1024 16474103.566667
THREAD_CLOCK 10 0.4 1024 17593282.566667
THREAD_CLOCK 10 0.6 1024 20074609.666667
THREAD_CLOCK 10 0.8 1024 24219489.466667
THREAD_CLOCK 10 1.0 1024 65423541.100000
THREAD_CLOCK 10 0 1048576 40656561.966667
THREAD_CLOCK 10 0.2 1048576 39042150.433333
THREAD_CLOCK 10 0.4 1048576 40132374.620846
THREAD_CLOCK 10 0.6 1048576 40752014.732842
THREAD_CLOCK 10 0.8 1048576 51161515.700000
THREAD_CLOCK 10 1.0 1048576 73589815.633333
THREAD_CLOCK 12 0 1024 16981234.366667
THREAD_CLOCK 12 0.2 1024 17694751.033333
THREAD_CLOCK 12 0.4 1024 19479598.800000
THREAD_CLOCK 12 0.6 1024 22648587.033333
THREAD_CLOCK 12 0.8 1024 29576302.300000
THREAD_CLOCK 12 1.0 1024 62137151.666667
THREAD_CLOCK 12 0 1048576 44640492.216926
THREAD_CLOCK 12 0.2 1048576 45980309.233333
THREAD_CLOCK 12 0.4 1048576 46738579.933333
THREAD_CLOCK 12 0.6 1048576 51471971.633333
THREAD_CLOCK 12 0.8 1048576 59345304.100000
THREAD_CLOCK 12 1.0 1048576 75905870.833333
THREAD_CLOCK 14 0 1024 17848870.233333
THREAD_CLOCK 14 0.2 1024 18537301.389954
THREAD_CLOCK 14 0.4 1024 20059628.479051
THREAD_CLOCK 14 0.6 1024 24045256.324789
THREAD_CLOCK 14 0.8 1024 33232958.901370
THREAD_CLOCK 14 1.0 1024 85212497.700000
THREAD_CLOCK 14 0 1048576 53644552.566667
THREAD_CLOCK 14 0.2 1048576 53458395.733333
THREAD_CLOCK 14 0.4 1048576 55048949.466667
THREAD_CLOCK 14 0.6 1048576 57874550.981634
THREAD_CLOCK 14 0.8 1048576 68852544.181861
THREAD_CLOCK 14 1.0 1048576 90788674.400000
THREAD_CLOCK 16 0 1024 19123018.866038
THREAD_CLOCK 16 0.2 1024 19271607.546415
THREAD_CLOCK 16 0.4 1024 20884520.482651
THREAD_CLOCK 16 0.6 1024 25037876.070798
THREAD_CLOCK 16 0.8 1024 34062418.033333
THREAD_CLOCK 16 1.0 1024 101043470.017666
THREAD_CLOCK 16 0 1048576 58373312.522916
THREAD_CLOCK 16 0.2 1048576 59102619.733333
THREAD_CLOCK 16 0.4 1048576 59211365.000000
THREAD_CLOCK 16 0.6 1048576 60981140.495317
THREAD_CLOCK 16 0.8 1048576 74163633.345555
THREAD_CLOCK 16 1.0 1048576 117396153.028232
THREAD_CLOCK 18 0 1024 18622312.500000
THREAD_CLOCK 18 0.2 1024 19334314.533333
THREAD_CLOCK 18 0.4 1024 22452599.266667
THREAD_CLOCK 18 0.6 1024 25284834.538849
THREAD_CLOCK 18 0.8 1024 34876887.937069
THREAD_CLOCK 18 1.0 1024 93088650.544982
THREAD_CLOCK 18 0 1048576 66211620.033333
THREAD_CLOCK 18 0.2 1048576 65545401.953268
THREAD_CLOCK 18 0.4 1048576 63089364.021199
THREAD_CLOCK 18 0.6 1048576 74928887.933333
THREAD_CLOCK 18 0.8 1048576 90546010.666311
THREAD_CLOCK 18 1.0 1048576 114328564.114530
THREAD_CLOCK 20 0 1024 18787623.033333
THREAD_CLOCK 20 0.2 1024 19291417.986067
THREAD_CLOCK 20 0.4 1024 22537634.666667
THREAD_CLOCK 20 0.6 1024 27849714.266667
THREAD_CLOCK 20 0.8 1024 38261081.033333
THREAD_CLOCK 20 1.0 1024 95399091.563615
THREAD_CLOCK 20 0 1048576 75530883.737209
THREAD_CLOCK 20 0.2 1048576 69044437.733333
THREAD_CLOCK 20 0.4 1048576 72761050.331656
THREAD_CLOCK 20 0.6 1048576 82122208.226392
THREAD_CLOCK 20 0.8 1048576 89128276.790774
THREAD_CLOCK 20 1.0 1048576 128895462.384587
THREAD_CLOCK 22 0 1024 19302123.266667
THREAD_CLOCK 22 0.2 1024 19179949.568348
THREAD_CLOCK 22 0.4 1024 22870805.439819
THREAD_CLOCK 22 0.6 1024 27837031.700000
THREAD_CLOCK 22 0.8 1024 37119418.133333
THREAD_CLOCK 22 1.0 1024 102621185.200000
THREAD_CLOCK 22 0 1048576 80414127.862405
THREAD_CLOCK 22 0.2 1048576 77310899.003367
THREAD_CLOCK 22 0.4 1048576 79451107.096430
THREAD_CLOCK 22 0.6 1048576 85860666.466667
THREAD_CLOCK 22 0.8 1048576 98593299.156695
THREAD_CLOCK 22 1.0 1048576 141392648.478384
THREAD_CLOCK 24 0 1024 17831351.788274
THREAD_CLOCK 24 0.2 1024 21787544.266667
THREAD_CLOCK 24 0.4 1024 24324457.933333
THREAD_CLOCK 24 0.6 1024 29465749.341689
THREAD_CLOCK 24 0.8 1024 41208989.566667
THREAD_CLOCK 24 1.0 1024 113900227.633333
THREAD_CLOCK 24 0 1048576 80984525.849138
THREAD_CLOCK 24 0.2 1048576 79539809.406353
THREAD_CLOCK 24 0.4 1048576 81085239.625346
THREAD_CLOCK 24 0.6 1048576 90041665.311156
THREAD_CLOCK 24 0.8 1048576 105130471.184294
THREAD_CLOCK 24 1.0 1048576 150821161.766667
THREAD_CLOCK 26 0 1024 18942270.357655
THREAD_CLOCK 26 0.2 1024 20498946.433333
THREAD_CLOCK 26 0.4 1024 23304169.266667
THREAD_CLOCK 26 0.6 1024 30664759.108030
THREAD_CLOCK 26 0.8 1024 40480430.052332
THREAD_CLOCK 26 1.0 1024 104331914.502850
THREAD_CLOCK 26 0 1048576 85864921.035965
THREAD_CLOCK 26 0.2 1048576 82976948.235059
THREAD_CLOCK 26 0.4 1048576 85098440.951968
THREAD_CLOCK 26 0.6 1048576 92892211.366667
THREAD_CLOCK 26 0.8 1048576 110321874.300000
THREAD_CLOCK 26 1.0 1048576 152514632.545582
THREAD_CLOCK 28 0 1024 19817967.766667
THREAD_CLOCK 28 0.2 1024 21763323.255891
THREAD_CLOCK 28 0.4 1024 23332174.360855
THREAD_CLOCK 28 0.6 1024 31114882.003933
THREAD_CLOCK 28 0.8 1024 40502293.323556
THREAD_CLOCK 28 1.0 1024 92491484.650512
THREAD_CLOCK 28 0 1048576 88701859.671344
THREAD_CLOCK 28 0.2 1048576 85377765.066667
THREAD_CLOCK 28 0.4 1048576 88571741.966667
THREAD_CLOCK 28 0.6 1048576 96302605.146495
THREAD_CLOCK 28 0.8 1048576 113409551.614946
THREAD_CLOCK 28 1.0 1048576 156241446.551782
THREAD_CLOCK 30 0 1024 20986282.557248
THREAD_CLOCK 30 0.2 1024 21980515.349488
THREAD_CLOCK 30 0.4 1024 24330882.070598
THREAD_CLOCK 30 0.6 1024 28961402.953235
THREAD_CLOCK 30 0.8 1024 40302401.019966
THREAD_CLOCK 30 1.0 1024 94529624.766667
THREAD_CLOCK 30 0 1048576 91310120.362655
THREAD_CLOCK 30 0.2 1048576 89441010.399653
THREAD_CLOCK 30 0.4 1048576 91204922.566667
THREAD_CLOCK 30 0.6 1048576 98967916.702777
THREAD_CLOCK 30 0.8 1048576 116815426.552448
THREAD_CLOCK 30 1.0 1048576 158183080.297323
THREAD_CLOCK 32 0 1024 20372554.048198
THREAD_CLOCK 32 0.2 1024 21420670.344322
THREAD_CLOCK 32 0.4 1024 24060400.953302
THREAD_CLOCK 32 0.6 1024 29144825.339155
THREAD_CLOCK 32 0.8 1024 43243169.927669
THREAD_CLOCK 32 1.0 1024 101437128.562381
THREAD_CLOCK 32 0 1048576 93901012.633333
THREAD_CLOCK 32 0.2 1048576 91285321.422619
THREAD_CLOCK 32 0.4 1048576 93940506.149795
THREAD_CLOCK 32 0.6 1048576 101536111.462951
THREAD_CLOCK 32 0.8 1048576 119718547.781741
THREAD_CLOCK 32 1.0 1048576 160116384.553848
THREAD_CLOCK 34 0 1024 20737897.503417
THREAD_CLOCK 34 0.2 1024 22006679.344022
THREAD_CLOCK 34 0.4 1024 24770212.066667
THREAD_CLOCK 34 0.6 1024 29591239.592014
THREAD_CLOCK 34 0.8 1024 43328222.559248
THREAD_CLOCK 34 1.0 1024 102244057.231426
THREAD_CLOCK 34 0 1048576 97039684.143862
THREAD_CLOCK 34 0.2 1048576 93611108.196393
THREAD_CLOCK 34 0.4 1048576 97208153.061565
THREAD_CLOCK 34 0.6 1048576 105119208.559715
THREAD_CLOCK 34 0.8 1048576 122834094.496850
THREAD_CLOCK 34 1.0 1048576 162078610.546315
THREAD_CLOCK 36 0 1024 20532620.412653
THREAD_CLOCK 36 0.2 1024 22282933.135562
THREAD_CLOCK 36 0.4 1024 25665406.386454
THREAD_CLOCK 36 0.6 1024 28866258.691377
THREAD_CLOCK 36 0.8 1024 42293623.612546
THREAD_CLOCK 36 1.0 1024 99164409.853005
THREAD_CLOCK 36 0 1048576 100241492.250258
THREAD_CLOCK 36 0.2 1048576 97245088.097063
THREAD_CLOCK 36 0.4 1048576 98979281.990600
THREAD_CLOCK 36 0.6 1048576 108318025.899137
THREAD_CLOCK 36 0.8 1048576 125694993.200227
THREAD_CLOCK 36 1.0 1048576 163943311.922936
THREAD_CLOCK 38 0 1024 20898037.398753
THREAD_CLOCK 38 0.2 1024 23721354.688177
THREAD_CLOCK 38 0.4 1024 26789270.366667
THREAD_CLOCK 38 0.6 1024 28332283.423886
THREAD_CLOCK 38 0.8 1024 41835362.500000
THREAD_CLOCK 38 1.0 1024 75956680.243992
THREAD_CLOCK 38 0 1048576 104621469.817673
THREAD_CLOCK 38 0.2 1048576 98850036.032132
THREAD_CLOCK 38 0.4 1048576 102064649.300000
THREAD_CLOCK 38 0.6 1048576 110556947.901737
THREAD_CLOCK 38 0.8 1048576 128763938.068731
THREAD_CLOCK 38 1.0 1048576 165832918.069398
THREAD_CLOCK 40 0 1024 21064945.268491
THREAD_CLOCK 40 0.2 1024 23573672.366667
THREAD_CLOCK 40 0.4 1024 24243303.123229
THREAD_CLOCK 40 0.6 1024 28761111.762941
THREAD_CLOCK 40 0.8 1024 39398281.690610
THREAD_CLOCK 40 1.0 1024 113052546.181794
THREAD_CLOCK 40 0 1048576 106918066.164461
THREAD_CLOCK 40 0.2 1048576 102799225.125829
THREAD_CLOCK 40 0.4 1048576 104639829.872338
THREAD_CLOCK 40 0.6 1048576 114318439.885337
THREAD_CLOCK 40 0.8 1048576 131560370.387654
THREAD_CLOCK 40 1.0 1048576 167769054.131529
